45
5e-08
0.0
1.02127
0.0
0.0
0.0
1.0
0.0
0.0
-0.411354
0.859395
-0.448041
-0.001708
0.0
0.0
-0.411354
0.859395
-0.448041
-0.001708
0.0
0.006761
0.25847
0.173046
-0.0002
-0.525366
0.0
-0.0
0.1
-0.005
-0.25847
-0.173046
0.0002
-0.525366
0.0
0.0
0.1
-0.005
0.0
0.0
0.0
0.0
0.0
0.0
0.0
0.0
0.10658
0.0
1.0
0.0
0.0
0.0
1.0
-6.08730927513e-20
1.86784809532e-17
-0.282779744728
0.951280078329
-0.668500333602
-0.001708
-0.0705265682961
-0.00297867441118
-0.56506574676
0.959857128515
-0.393707802884
0.00176644823035
0.0
0.006761
0.25847
0.173046
-0.0002
-0.525366
0.0
0.0
0.1
-0.005
-0.25847
-0.173046
0.0002
-0.525366
0.0
0.0
0.1
-0.005
0.0
0.0
0.146
0.0
0.0
0.1
0.0
0.0
0.257645
0.0
1.0
0.0
0.0
0.0
1.0
-0.0149932418625
-0.00322753038441
-0.632359559252
0.889167809068
-0.25678958014
0.00324345641127
-0.0705079972506
-0.0201146583096
-0.325407543234
0.963787065937
-0.637295729396
0.0189024421904
0.0
0.006761
0.25847
0.173046
-0.0002
-0.525366
0.0
0.0
0.1
-0.005
-0.25847
-0.173046
0.0002
-0.525366
0.0
0.0
0.1
-0.005
0.0
0.0
0.227
0.0
0.0
0.1
0.0
0.0
0.489
0.0
1.0
0.0
0.0
0.0
1.0
-0.0149931375766
-0.00881318934536
-0.292686338041
0.951194251037
-0.658489242692
0.0088291153732
-0.0416872633751
0.0232068835423
-0.665712859136
0.797801186438
-0.130806431024
-0.0243655373326
0.0
0.006761
0.25847
0.173046
-0.0002
-0.525366
0.0
0.0
0.1
-0.005
-0.25847
-0.173046
0.0002
-0.525366
0.0
0.0
0.1
-0.005
0.0
0.0
0.3
0.0
0.0
0.0
0.0
0.0
0.735
0.0
1.0
0.0
0.0
0.0
1.0
0.0524401424943
0.0141206932053
-0.654509895701
0.839545741216
-0.184987007947
-0.0139705747927
-0.0416661072014
0.00670270321371
-0.360175657637
0.976198440296
-0.614741202766
-0.00786134344762
0.0
0.006761
0.25847
0.173046
-0.0002
-0.525366
0.0
0.0
0.1
-0.005
-0.25847
-0.173046
0.0002
-0.525366
0.0
0.0
0.1
-0.005
0.0
0.0
0.3
0.0
0.0
0.0
0.0
0.0
0.966
0.0
1.0
0.0
0.0
0.0
1.0
0.0524391903159
0.0336077595501
-0.34961561635
0.9712533472
-0.621588870561
-0.0334576411607
-0.0128792935179
-0.0102844222151
-0.564927010337
0.959858436863
-0.39376523342
0.00911903542261
0.0
0.006761
0.25847
0.173046
-0.0002
-0.525366
0.0
0.0
0.1
-0.005
-0.25847
-0.173046
0.0002
-0.525366
0.0
0.0
0.1
-0.005
0.0
0.0
0.3
0.0
0.0
0.0
0.0
0.0
1.125
0.0
1.0
0.0
0.0
0.0
1.0
0.058462481017
0.0124527629778
-0.654545948406
0.839545227585
-0.184952275978
-0.0123020413834
-0.0128754491325
-0.013580648303
-0.309503354427
0.958008135699
-0.647338542293
0.012415263752
0.0
0.006761
0.25847
0.173046
-0.0002
-0.525366
0.0
0.0
0.1
-0.005
-0.25847
-0.173046
0.0002
-0.525366
0.0
0.0
0.1
-0.005
0.0
0.0
0.3
0.0
0.0
0.0
0.0
0.0
1.353
0.0
1.0
0.0
0.0
0.0
1.0
0.0584614727323
0.0338934889437
-0.355305265169
0.972916408647
-0.617564116913
-0.033742767373
-0.00585525016226
-0.0111750834516
-0.564894551464
0.959858609864
-0.393787672601
0.0100154799916
0.0
0.006761
0.25847
0.173046
-0.0002
-0.525366
0.0
0.0
0.1
-0.005
-0.25847
-0.173046
0.0002
-0.525366
0.0
0.0
0.1
-0.005
0.0
0.0
0.3
0.0
0.0
0.0
0.0
0.0
1.512
0.0
1.0
0.0
0.0
0.0
1.0
0.0601066866714
0.011997410895
-0.654554757508
0.839545088005
-0.184943825392
-0.0118465284262
-0.00585348710342
-0.0126736709832
-0.309471506986
0.958050107696
-0.647402193888
0.0115140685601
0.0
0.006761
0.25847
0.173046
-0.0002
-0.525366
0.0
0.0
0.1
-0.005
-0.25847
-0.173046
0.0002
-0.525366
0.0
0.0
0.1
-0.005
0.0
0.0
0.3
0.0
0.0
0.0
0.0
0.0
1.74
0.0
1.0
0.0
0.0
0.0
1.0
0.0601056610458
0.0340404624777
-0.355343248123
0.972900838628
-0.617511061792
-0.0338895800328
-0.00351134487421
-0.0114723120473
-0.564883093091
0.959858668126
-0.393795782013
0.0103146416268
0.0
0.006761
0.25847
0.173046
-0.0002
-0.525366
0.0
0.0
0.1
-0.005
-0.25847
-0.173046
0.0002
-0.525366
0.0
0.0
0.1
-0.005
0.0
0.0
0.3
0.0
0.0
0.0
0.0
0.0
1.899
0.0
1.0
0.0
0.0
0.0
1.0
0.0604956307262
0.0118896968635
-0.654556774969
0.83954505503
-0.18494189261
-0.0117387765803
-0.00351028451832
-0.0123710073169
-0.309463376146
0.958064867421
-0.647421685612
0.0112133375218
0.0
0.006761
0.25847
0.173046
-0.0002
-0.525366
0.0
0.0
0.1
-0.005
-0.25847
-0.173046
0.0002
-0.525366
0.0
0.0
0.1
-0.005
0.0
0.0
0.3
0.0
0.0
0.0
0.0
0.0
2.127
0.0
1.0
0.0
0.0
0.0
1.0
0.0604946010829
0.0340752227993
-0.355352337109
0.972897215404
-0.617498467181
-0.03392430254
-0.00294157013482
-0.0115445659345
-0.564880261653
0.959858682327
-0.393797798953
0.0103873656452
0.0
0.006761
0.25847
0.173046
-0.0002
-0.525366
0.0
0.0
0.1
-0.005
-0.25847
-0.173046
0.0002
-0.525366
0.0
0.0
0.1
-0.005
0.0
0.0
0.3
0.0
0.0
0.0
0.0
0.0
2.286
0.0
1.0
0.0
0.0
0.0
1.0
0.0605783462602
0.0118667897274
-0.654557200722
0.839545048019
-0.184941484858
-0.0117158614142
-0.00294068121542
-0.0122974335511
-0.309461590315
0.958068513662
-0.647426291029
0.0111402337866
0.0
0.006761
0.25847
0.173046
-0.0002
-0.525366
0.0
0.0
0.1
-0.005
-0.25847
-0.173046
0.0002
-0.525366
0.0
0.0
0.1
-0.005
0.0
0.0
0.3
0.0
0.0
0.0
0.0
0.0
2.514
0.0
1.0
0.0
0.0
0.0
1.0
0.0605773157666
0.0340826148247
-0.355354275132
0.972896447793
-0.617495786548
-0.0339316865354
-0.00281962463375
-0.0115600300671
-0.564879653339
0.959858685368
-0.393798232925
0.010402930409
0.0
0.006761
0.25847
0.173046
-0.0002
-0.525366
0.0
0.0
0.1
-0.005
-0.25847
-0.173046
0.0002
-0.525366
0.0
0.0
0.1
-0.005
0.0
0.0
0.3
0.0
0.0
0.0
0.0
0.0
2.673
0.0
1.0
0.0
0.0
0.0
1.0
0.0605954512069
0.0118620527082
-0.65455728862
0.839545046569
-0.184941400682
-0.011711122735
-0.00281877243728
-0.0122816870092
-0.309461217822
0.958069297029
-0.647427269944
0.0111245878542
0.0
0.006761
0.25847
0.173046
-0.0002
-0.525366
0.0
0.0
0.1
-0.005
-0.25847
-0.173046
0.0002
-0.525366
0.0
0.0
0.1
-0.005
0.0
0.0
0.3
0.0
0.0
0.0
0.0
0.0
2.901
0.0
1.0
0.0
0.0
0.0
1.0
0.0605944205377
0.0340841434244
-0.355354676124
0.972896289185
-0.617495232118
-0.0339332134751
-0.00279437320006
-0.0115632322504
-0.564879527272
0.959858685998
-0.39379832289
0.0104061534307
0.0
0.006761
0.25847
0.173046
-0.0002
-0.525366
0.0
0.0
0.1
-0.005
-0.25847
-0.173046
0.0002
-0.525366
0.0
0.0
0.1
-0.005
0.0
0.0
0.3
0.0
0.0
0.0
0.0
0.0
3.06
0.0
1.0
0.0
0.0
0.0
1.0
0.0605989668245
0.0118610790983
-0.65455730668
0.839545046271
-0.184941383388
-0.011710148784
-0.00279352860925
-0.0122784263504
-0.309461141118
0.958069459374
-0.647427472351
0.0111213480293
0.0
0.006761
0.25847
0.173046
-0.0002
-0.525366
0.0
0.0
0.1
-0.005
-0.25847
-0.173046
0.0002
-0.525366
0.0
0.0
0.1
-0.005
0.0
0.0
0.3
0.0
0.0
0.0
0.0
0.0
3.288
0.0
1.0
0.0
0.0
0.0
1.0
0.0605979361192
0.0340844576003
-0.35535475855
0.972896256592
-0.617495118161
-0.0339335273098
-0.00278918177064
-0.0115638905858
-0.56487950135
0.959858686128
-0.39379834139
0.0104068160502
0.0
0.006761
0.25847
0.173046
-0.0002
-0.525366
0.0
0.0
0.1
-0.005
-0.25847
-0.173046
0.0002
-0.525366
0.0
0.0
0.1
-0.005
0.0
0.0
0.3
0.0
0.0
0.0
0.0
0.0
3.447
0.0
1.0
0.0
0.0
0.0
1.0
0.0605996884793
0.0118608792443
-0.654557310387
0.83954504621
-0.184941379838
-0.0117099488599
-0.00278833874353
-0.0122777559933
-0.309461125367
0.958069492756
-0.647427513952
0.0111206819554
0.0
0.006761
0.25847
0.173046
-0.0002
-0.525366
0.0
0.0
0.1
-0.005
-0.25847
-0.173046
0.0002
-0.525366
0.0
0.0
0.1
-0.005
0.0
0.0
0.3
0.0
0.0
0.0
0.0
0.0
3.675
0.0
1.0
0.0
0.0
0.0
1.0
0.0605986577666
0.0340845220915
-0.35535477547
0.972896249901
-0.617495094768
-0.033933591731
-0.00278811605901
-0.0115640257308
-0.564879496028
0.959858686154
-0.393798345188
0.0104069520747
0.0
0.006761
0.25847
0.173046
-0.0002
-0.525366
0.0
0.0
0.1
-0.005
-0.25847
-0.173046
0.0002
-0.525366
0.0
0.0
0.1
-0.005
0.0
0.0
0.3
0.0
0.0
0.0
0.0
0.0
3.834
0.0
1.0
0.0
0.0
0.0
1.0
0.0605998365755
0.0118608382308
-0.654557311148
0.839545046198
-0.184941379109
-0.011709907832
-0.00278727335291
-0.0122776183804
-0.309461122134
0.958069499609
-0.647427522491
0.0111205452218
0.0
0.006761
0.25847
0.173046
-0.0002
-0.525366
0.0
0.0
0.1
-0.005
-0.25847
-0.173046
0.0002
-0.525366
0.0
0.0
0.1
-0.005
0.0
0.0
0.3
0.0
0.0
0.0
0.0
0.0
4.06192
0.0
1.0
0.0
0.0
0.0
1.0
0.0605988062209
0.0340767844585
-0.355501583623
0.972940749428
-0.617392786199
-0.0339258540836
-0.00281332135036
-0.0115608293986
-0.564879621873
0.959858685526
-0.393798255379
0.0104037349422
0.0
0.006761
0.25847
0.173046
-0.0002
-0.525366
0.0
0.0
0.1
-0.005
-0.25847
-0.173046
0.0002
-0.525366
0.0
0.0
0.1
-0.005
0.0
0.0
0.296
0.0
0.0
-0.1
0.0
0.0
4.22152
0.0
1.0
0.0
0.0
0.0
1.0
0.00289782246456
-0.00134596954121
-0.667181325733
0.498814210019
0.168373434233
-0.000362253277265
-0.00281169628716
-0.0122829508992
-0.308202985535
0.957562609677
-0.648181871306
0.0111261043303
0.0
0.006761
0.25847
0.173046
-0.0002
-0.525366
0.0
0.0
0.1
-0.005
-0.25847
-0.173046
0.0002
-0.525366
0.0
0.0
0.1
-0.005
0.0
0.0
0.102
0.0
0.0
-0.1
0.0
0.0
4.5
0.0
1.02127
0.0
0.0
0.0
1.0
0.0
0.0
-0.411354
0.859395
-0.448041
-0.001708
0.0
0.0
-0.411354
0.859395
-0.448041
-0.001708
0.0
0.006761
0.25847
0.173046
-0.0002
-0.525366
0.0
-0.0
0.1
-0.005
-0.25847
-0.173046
0.0002
-0.525366
0.0
0.0
0.1
-0.005
0.0
0.0
0.0
0.0
0.0
0.0
0.0
0.0
