21
0
0
0
0
0
0
-1.6
0
0
-1.0
0
0
0
0
0
0
0
0
0
0
0
0
0
0
0
0
0
-1.6
0
0
-1.01
0
0
0
0
0
0
0
0
0
0
0
0
0
0
0
0
0
-1.6
0
0
-1.02
0
0
0
0
0
0
0
0
0
0
0
0
0
0
0
0
0
-1.6
0
0
-1.03
0
0
0
0
0
0
0
0
0
0
0
0
0
0
0
0
0
-1.6
0
0
-1.04
0
0
0
0
0
0
0
0
0
0
0
0
0
0
0
0
0
-1.6
0
0
-1.05
0
0
0
0
0
0
0
0
0
0
0
0
0
0
0
0
0
-1.6
0
0
-1.06
0
0
0
0
0
0
0
0
0
0
0
0
0
0
0
0
0
-1.6
0
0
-1.07
0
0
0
0
0
0
0
0
0
0
0
0
0
0
0
0
0
-1.6
0
0
-1.08
0
0
0
0
0
0
0
0
0
0
0
0
0
0
0
0
0
-1.6
0
0
-1.09
0
0
0
0
0
0
0
0
0
0
0
0
0
0
0
0
0
-1.6
0
0
-1.1
0
0
0
0
0
0
0
0
0
0
0
0
0
0
0
0
0
-1.6
0
0
-1.11
0
0
0
0
0
0
0
0
0
0
0
0
0
0
0
0
0
-1.6
0
0
-1.12
0
0
0
0
0
0
0
0
0
0
0
0
0
0
0
0
0
-1.6
0
0
-1.1300000000000001
0
0
0
0
0
0
0
0
0
0
0
0
0
0
0
0
0
-1.6
0
0
-1.1400000000000001
0
0
0
0
0
0
0
0
0
0
0
0
0
0
0
0
0
-1.6
0
0
-1.1500000000000001
0
0
0
0
0
0
0
0
0
0
0
0
0
0
0
0
0
-1.6
0
0
-1.1600000000000001
0
0
0
0
0
0
0
0
0
0
0
0
0
0
0
0
0
-1.6
0
0
-1.1700000000000002
0
0
0
0
0
0
0
0
0
0
0
0
0
0
0
0
0
-1.6
0
0
-1.1800000000000002
0
0
0
0
0
0
0
0
0
0
0
0
0
0
0
0
0
-1.6
0
0
-1.1900000000000002
0
0
0
0
0
0
0
0
0
0
0
0
0
0
0
0
0
-1.6
0
0
-1.2000000000000002
0
0
0
0
0
0
0
0
0
0
0
0
0
0
0
0
0
-1.6
0
0
-1.2100000000000002
0
0
0
0
0
0
0
0
0
0
0
0
0
0
0
0
0
-1.6
0
0
-1.2200000000000002
0
0
0
0
0
0
0
0
0
0
0
0
0
0
0
0
0
-1.6
0
0
-1.2300000000000002
0
0
0
0
0
0
0
0
0
0
0
0
0
0
0
0
0
-1.6
0
0
-1.2400000000000002
0
0
0
0
0
0
0
0
0
0
0
0
0
0
0
0
0
-1.6
0
0
-1.2500000000000002
0
0
0
0
0
0
0
0
0
0
0
0
0
0
0
0
0
-1.6
0
0
-1.2600000000000002
0
0
0
0
0
0
0
0
0
0
0
0
0
0
0
0
0
-1.6
0
0
-1.2700000000000002
0
0
0
0
0
0
0
0
0
0
0
0
0
0
0
0
0
-1.6
0
0
-1.2800000000000002
0
0
0
0
0
0
0
0
0
0
0
0
0
0
0
0
0
-1.6
0
0
-1.2900000000000003
0
0
0
0
0
0
0
0
0
0
0
0
0
0
0
0
0
-1.6
0
0
-1.3000000000000003
0
0
0
0
0
0
0
0
0
0
0
0
0
0
0
0
0
-1.6
0
0
-1.3100000000000003
0
0
0
0
0
0
0
0
0
0
0
0
0
0
0
0
0
-1.6
0
0
-1.3200000000000003
0
0
0
0
0
0
0
0
0
0
0
0
0
0
0
0
0
-1.6
0
0
-1.3300000000000003
0
0
0
0
0
0
0
0
0
0
0
0
0
0
0
0
0
-1.6
0
0
-1.3400000000000003
0
0
0
0
0
0
0
0
0
0
0
0
0
0
0
0
0
-1.6
0
0
-1.3500000000000003
0
0
0
0
0
0
0
0
0
0
0
0
0
0
0
0
0
-1.6
0
0
-1.3600000000000003
0
0
0
0
0
0
0
0
0
0
0
0
0
0
0
0
0
-1.6
0
0
-1.3700000000000003
0
0
0
0
0
0
0
0
0
0
0
0
0
0
0
0
0
-1.6
0
0
-1.3800000000000003
0
0
0
0
0
0
0
0
0
0
0
0
0
0
0
0
0
-1.6
0
0
-1.3900000000000003
0
0
0
0
0
0
0
0
0
0
0
0
0
0
0
0
0
-1.6
0
0
-1.4000000000000004
0
0
0
0
0
0
0
0
0
0
0
0
0
0
0
0
0
-1.6
0
0
-1.4100000000000004
0
0
0
0
0
0
0
0
0
0
0
0
0
0
0
0
0
-1.6
0
0
-1.4200000000000004
0
0
0
0
0
0
0
0
0
0
0
0
0
0
0
0
0
-1.6
0
0
-1.4300000000000004
0
0
0
0
0
0
0
0
0
0
0
0
0
0
0
0
0
-1.6
0
0
-1.4400000000000004
0
0
0
0
0
0
0
0
0
0
0
0
0
0
0
0
0
-1.6
0
0
-1.4500000000000004
0
0
0
0
0
0
0
0
0
0
0
0
0
0
0
0
0
-1.6
0
0
-1.4600000000000004
0
0
0
0
0
0
0
0
0
0
0
0
0
0
0
0
0
-1.6
0
0
-1.4700000000000004
0
0
0
0
0
0
0
0
0
0
0
0
0
0
0
0
0
-1.6
0
0
-1.4800000000000004
0
0
0
0
0
0
0
0
0
0
0
0
0
0
0
0
0
-1.6
0
0
-1.4900000000000004
0
0
0
0
0
0
0
0
0
0
0
0
0
0
0
0
0
-1.6
0
0
-1.5
0
0
0
0
0
0
0
0
0
0
0
0
0
0
0
0
0
-1.6
0
0
-1.49
0
0
0
0
0
0
0
0
0
0
0
0
0
0
0
0
0
-1.6
0
0
-1.48
0
0
0
0
0
0
0
0
0
0
0
0
0
0
0
0
0
-1.6
0
0
-1.47
0
0
0
0
0
0
0
0
0
0
0
0
0
0
0
0
0
-1.6
0
0
-1.46
0
0
0
0
0
0
0
0
0
0
0
0
0
0
0
0
0
-1.6
0
0
-1.45
0
0
0
0
0
0
0
0
0
0
0
0
0
0
0
0
0
-1.6
0
0
-1.44
0
0
0
0
0
0
0
0
0
0
0
0
0
0
0
0
0
-1.6
0
0
-1.43
0
0
0
0
0
0
0
0
0
0
0
0
0
0
0
0
0
-1.6
0
0
-1.42
0
0
0
0
0
0
0
0
0
0
0
0
0
0
0
0
0
-1.6
0
0
-1.41
0
0
0
0
0
0
0
0
0
0
0
0
0
0
0
0
0
-1.6
0
0
-1.4
0
0
0
0
0
0
0
0
0
0
0
0
0
0
0
0
0
-1.6
0
0
-1.39
0
0
0
0
0
0
0
0
0
0
0
0
0
0
0
0
0
-1.6
0
0
-1.38
0
0
0
0
0
0
0
0
0
0
0
0
0
0
0
0
0
-1.6
0
0
-1.3699999999999999
0
0
0
0
0
0
0
0
0
0
0
0
0
0
0
0
0
-1.6
0
0
-1.3599999999999999
0
0
0
0
0
0
0
0
0
0
0
0
0
0
0
0
0
-1.6
0
0
-1.3499999999999999
0
0
0
0
0
0
0
0
0
0
0
0
0
0
0
0
0
-1.6
0
0
-1.3399999999999999
0
0
0
0
0
0
0
0
0
0
0
0
0
0
0
0
0
-1.6
0
0
-1.3299999999999998
0
0
0
0
0
0
0
0
0
0
0
0
0
0
0
0
0
-1.6
0
0
-1.3199999999999998
0
0
0
0
0
0
0
0
0
0
0
0
0
0
0
0
0
-1.6
0
0
-1.3099999999999998
0
0
0
0
0
0
0
0
0
0
0
0
0
0
0
0
0
-1.6
0
0
-1.2999999999999998
0
0
0
0
0
0
0
0
0
0
0
0
0
0
0
0
0
-1.6
0
0
-1.2899999999999998
0
0
0
0
0
0
0
0
0
0
0
0
0
0
0
0
0
-1.6
0
0
-1.2799999999999998
0
0
0
0
0
0
0
0
0
0
0
0
0
0
0
0
0
-1.6
0
0
-1.2699999999999998
0
0
0
0
0
0
0
0
0
0
0
0
0
0
0
0
0
-1.6
0
0
-1.2599999999999998
0
0
0
0
0
0
0
0
0
0
0
0
0
0
0
0
0
-1.6
0
0
-1.2499999999999998
0
0
0
0
0
0
0
0
0
0
0
0
0
0
0
0
0
-1.6
0
0
-1.2399999999999998
0
0
0
0
0
0
0
0
0
0
0
0
0
0
0
0
0
-1.6
0
0
-1.2299999999999998
0
0
0
0
0
0
0
0
0
0
0
0
0
0
0
0
0
-1.6
0
0
-1.2199999999999998
0
0
0
0
0
0
0
0
0
0
0
0
0
0
0
0
0
-1.6
0
0
-1.2099999999999997
0
0
0
0
0
0
0
0
0
0
0
0
0
0
0
0
0
-1.6
0
0
-1.1999999999999997
0
0
0
0
0
0
0
0
0
0
0
0
0
0
0
0
0
-1.6
0
0
-1.1899999999999997
0
0
0
0
0
0
0
0
0
0
0
0
0
0
0
0
0
-1.6
0
0
-1.1799999999999997
0
0
0
0
0
0
0
0
0
0
0
0
0
0
0
0
0
-1.6
0
0
-1.1699999999999997
0
0
0
0
0
0
0
0
0
0
0
0
0
0
0
0
0
-1.6
0
0
-1.1599999999999997
0
0
0
0
0
0
0
0
0
0
0
0
0
0
0
0
0
-1.6
0
0
-1.1499999999999997
0
0
0
0
0
0
0
0
0
0
0
0
0
0
0
0
0
-1.6
0
0
-1.1399999999999997
0
0
0
0
0
0
0
0
0
0
0
0
0
0
0
0
0
-1.6
0
0
-1.1299999999999997
0
0
0
0
0
0
0
0
0
0
0
0
0
0
0
0
0
-1.6
0
0
-1.1199999999999997
0
0
0
0
0
0
0
0
0
0
0
0
0
0
0
0
0
-1.6
0
0
-1.1099999999999997
0
0
0
0
0
0
0
0
0
0
0
0
0
0
0
0
0
-1.6
0
0
-1.0999999999999996
0
0
0
0
0
0
0
0
0
0
0
0
0
0
0
0
0
-1.6
0
0
-1.0899999999999996
0
0
0
0
0
0
0
0
0
0
0
0
0
0
0
0
0
-1.6
0
0
-1.0799999999999996
0
0
0
0
0
0
0
0
0
0
0
0
0
0
0
0
0
-1.6
0
0
-1.0699999999999996
0
0
0
0
0
0
0
0
0
0
0
0
0
0
0
0
0
-1.6
0
0
-1.0599999999999996
0
0
0
0
0
0
0
0
0
0
0
0
0
0
0
0
0
-1.6
0
0
-1.0499999999999996
0
0
0
0
0
0
0
0
0
0
0
0
0
0
0
0
0
-1.6
0
0
-1.0399999999999996
0
0
0
0
0
0
0
0
0
0
0
0
0
0
0
0
0
-1.6
0
0
-1.0299999999999996
0
0
0
0
0
0
0
0
0
0
0
0
0
0
0
0
0
-1.6
0
0
-1.0199999999999996
0
0
0
0
0
0
0
0
0
0
0
0
0
0
0
0
0
-1.6
0
0
-1.0099999999999996
0
0
0
0
0
0
0
0
0
0
0
