45
-4.74484303349
-0.798061646982
1.02127
0.0
0.0
0.0
1.0
0.0
0.0
-0.411354
0.859395
-0.448041
-0.001708
0.0
0.0
-0.411354
0.859395
-0.448041
-0.001708
0.0
0.006761
0.25847
0.173046
-0.0002
-0.525366
0.0
-0.0
0.1
-0.005
-0.25847
-0.173046
0.0002
-0.525366
0.0
0.0
0.1
-0.005
0.0
0.0
0.0
0.0
0.0
0.0
0.0
0.0
-4.63826308349
-0.791375277758
1.0
0.0
0.0
0.0
1.0
-4.19667790742e-19
-0.0107829962415
-0.282688307393
0.951057821075
-0.668369513681
0.00907499624145
0.0495733907249
0.0254672899057
-0.643429209219
0.865136346999
-0.220149943353
-0.026013406219
0.0
0.006761
0.25847
0.173046
-0.0002
-0.525366
0.0
0.0
0.1
-0.005
-0.25847
-0.173046
0.0002
-0.525366
0.0
0.0
0.1
-0.005
0.0
0.0
0.146
0.00915941419281
0.0
0.1
0.00627357136494
0.0
-4.39636308349
-0.776199508626
1.0
0.0
0.0
0.0
1.0
0.0111984410685
0.0091288992929
-0.631125624132
0.890618518322
-0.259772253948
-0.00912578727494
0.049581336675
0.0203655952913
-0.299181368859
0.953531583216
-0.652793202007
-0.0209117054199
0.0
0.006761
0.25847
0.173046
-0.0002
-0.525366
0.0
0.0
0.1
-0.005
-0.25847
-0.173046
0.0002
-0.525366
0.0
0.0
0.1
-0.005
0.0
0.0
0.264
0.0165622284034
0.0
0.1
0.00627357136494
0.0
-4.16284308349
-0.760942183067
1.0
0.0
0.0
0.0
1.0
0.0111927543444
-0.0112274981211
-0.285481657727
0.947671109449
-0.662468817448
0.0112306109334
0.0519844188716
0.0248626990297
-0.64351520019
0.865136628142
-0.220062806733
-0.0254053715209
0.0
0.006761
0.25847
0.173046
-0.0002
-0.525366
0.0
0.0
0.1
-0.005
-0.25847
-0.173046
0.0002
-0.525366
0.0
0.0
0.1
-0.005
0.0
0.0
0.3
0.0215810854954
0.0
0.0
0.00627357136494
0.0
-3.91984308349
-0.741403458729
1.0
0.0
0.0
0.0
1.0
0.0210516788699
0.00689091440533
-0.631137205848
0.890619004868
-0.259761094316
-0.00689357844787
0.0520016926573
0.0137807986569
-0.296863945991
0.952892935773
-0.654470702307
-0.0143234576906
0.0
0.006761
0.25847
0.173046
-0.0002
-0.525366
0.0
0.0
0.1
-0.005
-0.25847
-0.173046
0.0002
-0.525366
0.0
0.0
0.1
-0.005
0.0
0.0
0.3
0.026662678301
0.0
0.0
0.00627357136494
0.0
-3.67084308349
-0.717112504083
1.0
0.0
0.0
0.0
1.0
0.021043113646
-0.0237724935917
-0.253174751925
0.930828450716
-0.677933066392
0.0237698307452
0.0492200026715
0.0181101336892
-0.643558818802
0.866536154753
-0.222516667842
-0.0194301771027
0.0
0.006761
0.25847
0.173046
-0.0002
-0.525366
0.0
0.0
0.1
-0.005
-0.25847
-0.173046
0.0002
-0.525366
0.0
0.0
0.1
-0.005
0.0
0.0
0.3
0.0318697425339
0.0
0.0
0.00627357136494
0.0
-3.45184308349
-0.692175998943
1.0
0.0
0.0
0.0
1.0
0.0317794444187
0.0044547951908
-0.631137032968
0.890619639733
-0.259761757833
-0.00446362064107
0.0492304840853
-0.0046442189015
-0.341852143673
0.970674294319
-0.628361553112
0.00332417790181
0.0
0.006761
0.25847
0.173046
-0.0002
-0.525366
0.0
0.0
0.1
-0.005
-0.25847
-0.173046
0.0002
-0.525366
0.0
0.0
0.1
-0.005
0.0
0.0
0.3
0.0364494496303
0.0
0.0
0.00627357136494
0.0
-3.19684308349
-0.658927639101
1.0
0.0
0.0
0.0
1.0
0.0317681481183
-0.0359966410873
-0.239173820825
0.922017718668
-0.683123227093
0.0359878172137
-0.146884250046
-0.0226976175758
-0.581336787756
0.94776421034
-0.365155811712
0.0215243465129
0.0
0.006761
0.25847
0.173046
-0.0002
-0.525366
0.0
0.0
0.1
-0.005
-0.25847
-0.173046
0.0002
-0.525366
0.0
0.0
0.1
-0.005
0.0
0.0
0.3
0.0417819852905
0.0
0.0
0.00627357136494
0.0
-3.08584308349
-0.643038878584
1.0
0.0
0.0
0.0
1.0
0.067204121879
0.00446443310802
-0.545167898537
0.971083439117
-0.425915632443
-0.00446300025724
-0.14681882453
-0.0740301031316
-0.423571759465
0.979092557113
-0.55424602275
0.072856873656
0.0
0.006761
0.25847
0.173046
-0.0002
-0.525366
0.0
0.0
0.1
-0.005
-0.25847
-0.173046
0.0002
-0.525366
0.0
0.0
0.1
-0.005
0.0
0.0
0.3
0.0441032066955
0.0
0.0
0.00627357136494
0.0
-2.92084308349
-0.617833237232
1.0
0.0
0.0
0.0
1.0
0.067204119798
-0.018186954946
-0.263823830221
0.936877647856
-0.673053909512
0.0181883877968
-0.00825059772355
-0.0114188557415
-0.674087554491
0.755032115066
-0.0815967517015
0.00966658184995
0.0
0.006761
0.25847
0.173046
-0.0002
-0.525366
0.0
0.0
0.1
-0.005
-0.25847
-0.173046
0.0002
-0.525366
0.0
0.0
0.1
-0.005
0.0
0.0
0.3
0.0475536709462
0.0
0.0
0.00627357136494
0.0
-2.72284308349
-0.585081430565
1.0
0.0
0.0
0.0
1.0
0.0692178880746
-0.0342364696214
-0.547802161441
0.967073443003
-0.419271377195
0.0342378894744
-0.00828671167697
-0.0666971448242
-0.470431472614
0.981689245146
-0.511911374375
0.0649448827085
0.0
0.006761
0.25847
0.173046
-0.0002
-0.525366
0.0
0.0
0.1
-0.005
-0.25847
-0.173046
0.0002
-0.525366
0.0
0.0
0.1
-0.005
0.0
0.0
0.3
0.0516942280471
0.0
0.0
0.00627357136494
0.0
-2.54884308349
-0.554043563594
1.0
0.0
0.0
0.0
1.0
0.0692178851613
-0.0646402772318
-0.247237004039
0.922208016087
-0.674971107825
0.0646416970847
0.000306389432349
-0.0149604335392
-0.504407632929
0.984092497044
-0.478933153158
0.0134023833644
0.0
0.006761
0.25847
0.173046
-0.0002
-0.525366
0.0
0.0
0.1
-0.005
-0.25847
-0.173046
0.0002
-0.525366
0.0
0.0
0.1
-0.005
0.0
0.0
0.3
0.0553328994387
0.0
0.0
0.00627357136494
0.0
-2.46184308349
-0.537733219081
1.0
0.0
0.0
0.0
1.0
0.0161622308536
0.0246833861003
-0.581878985719
0.94672860988
-0.364715446135
-0.0248877214408
0.000326090618155
-0.0411496954219
-0.359691799307
0.972989185944
-0.61254512299
0.0395916526511
0.0
0.006761
0.25847
0.173046
-0.0002
-0.525366
0.0
0.0
0.1
-0.005
-0.25847
-0.173046
0.0002
-0.525366
0.0
0.0
0.1
-0.005
0.0
0.0
0.3
0.0571522351346
0.0
0.0
0.00627357136494
0.0
-2.26384308349
-0.498646360049
1.0
0.0
0.0
0.0
1.0
0.0161699811142
-0.0330781576324
-0.25874535266
0.933046195656
-0.674166632426
0.0328738228117
-0.0110983620809
-0.010463872726
-0.674034596041
0.754806864281
-0.0809894759129
0.00876756646103
0.0
0.006761
0.25847
0.173046
-0.0002
-0.525366
0.0
0.0
0.1
-0.005
-0.25847
-0.173046
0.0002
-0.525366
0.0
0.0
0.1
-0.005
0.0
0.0
0.3
0.0612927922354
0.0
0.0
0.00627357136494
0.0
-2.08084308349
-0.460090558833
1.0
0.0
0.0
0.0
1.0
0.0979885778587
0.0015570056484
-0.545171252624
0.970995611083
-0.42582449414
-0.00155558581478
-0.0111125578107
-0.0756785874746
-0.492260971531
0.976035666936
-0.48399251464
0.0739822827513
0.0
0.006761
0.25847
0.173046
-0.0002
-0.525366
0.0
0.0
0.1
-0.005
-0.25847
-0.173046
0.0002
-0.525366
0.0
0.0
0.1
-0.005
0.0
0.0
0.3
0.065119670768
0.0
0.0
0.00627357136494
0.0
-1.91284308349
-0.422639847212
1.0
0.0
0.0
0.0
1.0
0.0979885733068
-0.0319811820895
-0.254007856752
0.930622586682
-0.67661486568
0.0319826019231
-0.160235847276
-0.0201329628962
-0.581495685208
0.948075413842
-0.36531767083
0.018938777253
0.0
0.006761
0.25847
0.173046
-0.0002
-0.525366
0.0
0.0
0.1
-0.005
-0.25847
-0.173046
0.0002
-0.525366
0.0
0.0
0.1
-0.005
0.0
0.0
0.3
0.0686328707324
0.0
0.0
0.00627357136494
0.0
-1.80784308349
-0.39823408621
1.0
0.0
0.0
0.0
1.0
0.0568298007081
0.00517995731479
-0.544973883205
0.971217602287
-0.426243795761
-0.0051785162131
-0.160152861274
-0.0856931228821
-0.434819987396
0.976515296607
-0.540428860079
0.0844989895949
0.0
0.006761
0.25847
0.173046
-0.0002
-0.525366
0.0
0.0
0.1
-0.005
-0.25847
-0.173046
0.0002
-0.525366
0.0
0.0
0.1
-0.005
0.0
0.0
0.3
0.0708286207101
0.0
0.0
0.00627357136494
0.0
-1.63684308349
-0.356842630737
1.0
0.0
0.0
0.0
1.0
0.0568297968049
-0.0456923160159
-0.248269764014
0.926042646982
-0.677772959726
0.0456937571176
-0.0840375444546
-0.0106208422088
-0.505249235347
0.984068408441
-0.478243330583
0.00887941197612
0.0
0.006761
0.25847
0.173046
-0.0002
-0.525366
0.0
0.0
0.1
-0.005
-0.25847
-0.173046
0.0002
-0.525366
0.0
0.0
0.1
-0.005
0.0
0.0
0.3
0.0744045563881
0.0
0.0
0.00627357136494
0.0
-1.55284308349
-0.335763430951
1.0
0.0
0.0
0.0
1.0
0.0555938187919
0.0183559085229
-0.582911984167
0.947132538932
-0.364217272522
-0.0183430496489
-0.084011540848
-0.055723534748
-0.368714059617
0.973026530162
-0.603735765384
0.0539821120019
0.0
0.006761
0.25847
0.173046
-0.0002
-0.525366
0.0
0.0
0.1
-0.005
-0.25847
-0.173046
0.0002
-0.525366
0.0
0.0
0.1
-0.005
0.0
0.0
0.3
0.0761611563703
0.0
0.0
0.00627357136494
0.0
-1.34584308349
-0.281718809392
1.0
0.0
0.0
0.0
1.0
0.0555940431887
-0.0499787870672
-0.235954120788
0.918796689856
-0.682839283275
0.0499916459416
0.0197802937723
-0.0161595305185
-0.503778477165
0.984067880293
-0.479528024037
0.0144944701193
0.0
0.006761
0.25847
0.173046
-0.0002
-0.525366
0.0
0.0
0.1
-0.005
-0.25847
-0.173046
0.0002
-0.525366
0.0
0.0
0.1
-0.005
0.0
0.0
0.3
0.0804899206121
0.0
0.0
0.00627357136494
0.0
-1.26484308349
-0.25975785915
1.0
0.0
0.0
0.0
1.0
0.168783480623
0.00102853448312
-0.583720989233
0.947348050412
-0.363627297065
-0.00102712828426
0.0198052352938
-0.0488845804531
-0.368570160679
0.974173961994
-0.604841611115
0.0472195295477
0.0
0.006761
0.25847
0.173046
-0.0002
-0.525366
0.0
0.0
0.1
-0.005
-0.25847
-0.173046
0.0002
-0.525366
0.0
0.0
0.1
-0.005
0.0
0.0
0.3
0.0821837848807
0.0
0.0
0.00627357136494
0.0
-1.05484308349
-0.200692184749
1.0
0.0
0.0
0.0
1.0
0.168783471905
-0.0359153801149
-0.222569875455
0.912828582422
-0.690258943005
0.0359167863137
-0.0960926411942
-0.00969158179375
-0.505108190659
0.984157356939
-0.478440979628
0.00806067613852
0.0
0.006761
0.25847
0.173046
-0.0002
-0.525366
0.0
0.0
0.1
-0.005
-0.25847
-0.173046
0.0002
-0.525366
0.0
0.0
0.1
-0.005
0.0
0.0
0.3
0.0865752848361
0.0
0.0
0.00627357136494
0.0
-0.976843083486
-0.17797056398
1.0
0.0
0.0
0.0
1.0
0.132657025781
0.00664861410493
-0.583879465639
0.947248953505
-0.363369673382
-0.00664719813952
-0.0960631757858
-0.0580767423312
-0.379924276776
0.975307172777
-0.594773710849
0.0564458456358
0.0
0.006761
0.25847
0.173046
-0.0002
-0.525366
0.0
0.0
0.1
-0.005
-0.25847
-0.173046
0.0002
-0.525366
0.0
0.0
0.1
-0.005
0.0
0.0
0.3
0.088206413391
0.0
0.0
0.00627357136494
0.0
-0.763843083486
-0.11376275681
1.0
0.0
0.0
0.0
1.0
0.132657015183
-0.0504335540247
-0.216186811193
0.907193893637
-0.691007268191
0.0504349699901
0.0402306733528
-0.0174628625091
-0.503693361141
0.98409798322
-0.479579871272
0.0159266196284
0.0
0.006761
0.25847
0.173046
-0.0002
-0.525366
0.0
0.0
0.1
-0.005
-0.25847
-0.173046
0.0002
-0.525366
0.0
0.0
0.1
-0.005
0.0
0.0
0.3
0.0926606490601
0.0
0.0
0.00627357136494
0.0
-0.688843083486
-0.0904015454396
1.0
0.0
0.0
0.0
1.0
0.0716876063252
0.0160904078409
-0.582963347052
0.947058148776
-0.364093520047
-0.0160826108281
0.0402576518141
-0.0501386087893
-0.378368189972
0.976462762223
-0.597268909611
0.0486023770321
0.0
0.006761
0.25847
0.173046
-0.0002
-0.525366
0.0
0.0
0.1
-0.005
-0.25847
-0.173046
0.0002
-0.525366
0.0
0.0
0.1
-0.005
0.0
0.0
0.3
0.0942290419013
0.0
0.0
0.00627357136494
0.0
-0.481843083486
-0.0238900828643
1.0
0.0
0.0
0.0
1.0
0.0716877126358
-0.0667660484179
-0.231183911566
0.912959483583
-0.681774287645
0.0667738454307
-0.123319171677
-0.0257772359035
-0.580831083043
0.948042669797
-0.365904074484
0.0246278519322
0.0
0.006761
0.25847
0.173046
-0.0002
-0.525366
0.0
0.0
0.1
-0.005
-0.25847
-0.173046
0.0002
-0.525366
0.0
0.0
0.1
-0.005
0.0
0.0
0.3
0.0985578061431
0.0
0.0
0.00627357136494
0.0
-0.394843083486
0.00469606036258
1.0
0.0
0.0
0.0
1.0
0.0904796753156
0.00183477007507
-0.544625217086
0.971368767941
-0.426743674603
-0.00183333487871
-0.123236945183
-0.0884600929251
-0.46092521918
0.975567706243
-0.513330278406
0.087310762692
0.0
0.006761
0.25847
0.173046
-0.0002
-0.525366
0.0
0.0
0.1
-0.005
-0.25847
-0.173046
0.0002
-0.525366
0.0
0.0
0.1
-0.005
0.0
0.0
0.3
0.0978256588002
0.0
0.0
-0.00627357136494
0.0
-0.223843083486
0.0594375442105
1.0
0.0
0.0
0.0
1.0
0.0904796675308
-0.0609976471353
-0.241906294977
0.920021765759
-0.678115594761
0.0609990823317
0.0029175992765
-0.0154971798401
-0.5042467241
0.984096134228
-0.47909123824
0.013941883641
0.0
0.006761
0.25847
0.173046
-0.0002
-0.525366
0.0
0.0
0.1
-0.005
-0.25847
-0.173046
0.0002
-0.525366
0.0
0.0
0.1
-0.005
0.0
0.0
0.3
0.0942497231222
0.0
0.0
-0.00627357136494
0.0
-0.145843083486
0.0837304255101
1.0
0.0
0.0
0.0
1.0
0.155329223724
0.00328702459861
-0.583838030393
0.947223381014
-0.363385567682
-0.00328561633771
0.00294696425548
-0.0541812799645
-0.374706841943
0.974866278078
-0.599400241217
0.0526259948959
0.0
0.006761
0.25847
0.173046
-0.0002
-0.525366
0.0
0.0
0.1
-0.005
-0.25847
-0.173046
0.0002
-0.525366
0.0
0.0
0.1
-0.005
0.0
0.0
0.3
0.0926185945673
0.0
0.0
-0.00627357136494
0.0
0.0671569165145
0.14790837399
1.0
0.0
0.0
0.0
1.0
0.155329213078
-0.0457249837353
-0.214883544833
0.906997890783
-0.692114563236
0.0457263919962
-0.116617506824
-0.0265512879255
-0.580654044394
0.948171685787
-0.366199160298
0.0254082093693
0.0
0.006761
0.25847
0.173046
-0.0002
-0.525366
0.0
0.0
0.1
-0.005
-0.25847
-0.173046
0.0002
-0.525366
0.0
0.0
0.1
-0.005
0.0
0.0
0.3
0.0881643588982
0.0
0.0
-0.00627357136494
0.0
0.157156916515
0.174075370948
1.0
0.0
0.0
0.0
1.0
0.0902499876179
0.00169626530322
-0.544866623099
0.971242031706
-0.426375532548
-0.0016948328024
-0.116540128148
-0.0850601924822
-0.455693964639
0.97701822901
-0.520001465521
0.0839171649192
0.0
0.006761
0.25847
0.173046
-0.0002
-0.525366
0.0
0.0
0.1
-0.005
-0.25847
-0.173046
0.0002
-0.525366
0.0
0.0
0.1
-0.005
0.0
0.0
0.3
0.0862822874887
0.0
0.0
-0.00627357136494
0.0
0.328156916515
0.222237133149
1.0
0.0
0.0
0.0
1.0
0.0902499811209
-0.0506811095451
-0.244459485819
0.923177349834
-0.678717988114
0.0506825420459
0.0240669492922
-0.0164707277467
-0.503874743806
0.984088948166
-0.479430682546
0.0149083399433
0.0
0.006761
0.25847
0.173046
-0.0002
-0.525366
0.0
0.0
0.1
-0.005
-0.25847
-0.173046
0.0002
-0.525366
0.0
0.0
0.1
-0.005
0.0
0.0
0.3
0.0827063518107
0.0
0.0
-0.00627357136494
0.0
0.409156916515
0.244339176461
1.0
0.0
0.0
0.0
1.0
0.147975709115
0.00463131570492
-0.583901410766
0.947090179687
-0.363188975604
-0.0046299083939
0.0240923541795
-0.048861657032
-0.368531420864
0.974219177233
-0.604903404719
0.0472992791799
0.0
0.006761
0.25847
0.173046
-0.0002
-0.525366
0.0
0.0
0.1
-0.005
-0.25847
-0.173046
0.0002
-0.525366
0.0
0.0
0.1
-0.005
0.0
0.0
0.3
0.0810124875422
0.0
0.0
-0.00627357136494
0.0
0.616156916515
0.298744369202
1.0
0.0
0.0
0.0
1.0
0.147975701362
-0.0328664653354
-0.231931593911
0.918592766424
-0.686661379305
0.0328678726465
-0.110432051268
-0.0090154680656
-0.505232695265
0.984152656926
-0.478336427347
0.00737937802676
0.0
0.006761
0.25847
0.173046
-0.0002
-0.525366
0.0
0.0
0.1
-0.005
-0.25847
-0.173046
0.0002
-0.525366
0.0
0.0
0.1
-0.005
0.0
0.0
0.3
0.0766837233004
0.0
0.0
-0.00627357136494
0.0
0.697156916515
0.319220302817
1.0
0.0
0.0
0.0
1.0
0.101742760893
0.00121955396299
-0.545097925074
0.971026302699
-0.425928518496
-0.00121813482059
-0.110404551868
-0.056084337885
-0.375261019038
0.974603119087
-0.598757670552
0.0544482558692
0.0
0.006761
0.25847
0.173046
-0.0002
-0.525366
0.0
0.0
0.1
-0.005
-0.25847
-0.173046
0.0002
-0.525366
0.0
0.0
0.1
-0.005
0.0
0.0
0.3
0.0749898590318
0.0
0.0
-0.00627357136494
0.0
0.871156916515
0.361659206352
1.0
0.0
0.0
0.0
1.0
0.101742755324
-0.0382880022234
-0.239987341038
0.922302262263
-0.6823150622
0.0382894213658
-0.00155400620521
-0.0149084324608
-0.504184280852
0.984094206797
-0.479165734223
0.0133509395642
0.0
0.006761
0.25847
0.173046
-0.0002
-0.525366
0.0
0.0
0.1
-0.005
-0.25847
-0.173046
0.0002
-0.525366
0.0
0.0
0.1
-0.005
0.0
0.0
0.3
0.0713511876402
0.0
0.0
-0.00627357136494
0.0
0.955156916515
0.381391614893
1.0
0.0
0.0
0.0
1.0
0.158393630482
0.00386539304222
-0.583649962467
0.947309900198
-0.363660158986
-0.00386398706996
-0.00153021524847
-0.0468476368604
-0.36455515363
0.973464003051
-0.60816392311
0.0452901528153
0.0
0.006761
0.25847
0.173046
-0.0002
-0.525366
0.0
0.0
0.1
-0.005
-0.25847
-0.173046
0.0002
-0.525366
0.0
0.0
0.1
-0.005
0.0
0.0
0.3
0.069594587658
0.0
0.0
-0.00627357136494
0.0
1.15615691651
0.426611885531
1.0
0.0
0.0
0.0
1.0
0.158393625868
-0.0169884782513
-0.2469840834
0.928235078972
-0.681251216856
0.0169898842235
-0.129995293939
-0.0247225613632
-0.580936262711
0.948092691304
-0.365856422299
0.0235645589285
0.0
0.006761
0.25847
0.173046
-0.0002
-0.525366
0.0
0.0
0.1
-0.005
-0.25847
-0.173046
0.0002
-0.525366
0.0
0.0
0.1
-0.005
0.0
0.0
0.3
0.0653912948435
0.0
0.0
-0.00627357136494
0.0
1.26415691651
0.449746224251
1.0
0.0
0.0
0.0
1.0
0.0658094554987
0.00445444848703
-0.545111573938
0.971133734151
-0.426022249974
-0.00445301364687
-0.129917994411
-0.0840084447142
-0.427388944947
0.9766973626
-0.548004209175
0.0828504925091
0.0
0.006761
0.25847
0.173046
-0.0002
-0.525366
0.0
0.0
0.1
-0.005
-0.25847
-0.173046
0.0002
-0.525366
0.0
0.0
0.1
-0.005
0.0
0.0
0.3
0.0631328091521
0.0
0.0
-0.00627357136494
0.0
1.43215691651
0.484116901386
1.0
0.0
0.0
0.0
1.0
0.0658094521384
-0.0329699875564
-0.255821467224
0.931583063784
-0.675761686369
0.0329714223966
-0.165938603648
-0.0195843297784
-0.581597807335
0.948008962126
-0.365157678713
0.0183845325283
0.0
0.006761
0.25847
0.173046
-0.0002
-0.525366
0.0
0.0
0.1
-0.005
-0.25847
-0.173046
0.0002
-0.525366
0.0
0.0
0.1
-0.005
0.0
0.0
0.3
0.0596196091877
0.0
0.0
-0.00627357136494
0.0
1.54015691651
0.505173433269
1.0
0.0
0.0
0.0
1.0
0.0580570239545
0.0457962929035
-0.484957476228
0.983819466885
-0.498862070993
-0.0457948481125
-0.165860699787
-0.0815676022472
-0.430139265967
0.977512033087
-0.546115350785
0.0803678538131
0.0
0.006761
0.25847
0.173046
-0.0002
-0.525366
0.0
0.0
0.1
-0.005
-0.25847
-0.173046
0.0002
-0.525366
0.0
0.0
0.1
-0.005
0.0
0.0
0.3
0.0573611234963
0.0
0.0
-0.00627357136494
0.0
1.65715691651
0.52706716633
1.0
0.0
0.0
0.0
1.0
0.0580570220077
0.02156565874
-0.277992815032
0.943446273776
-0.665453539013
-0.021564213949
-0.019374621542
-0.00756833052003
-0.674108837451
0.754817262406
-0.0809395998007
0.00587393677834
0.0
0.006761
0.25847
0.173046
-0.0002
-0.525366
0.0
0.0
0.1
-0.005
-0.25847
-0.173046
0.0002
-0.525366
0.0
0.0
0.1
-0.005
0.0
0.0
0.3
0.054914430664
0.0
0.0
-0.00627357136494
0.0
1.86715691651
0.563970242811
1.0
0.0
0.0
0.0
1.0
0.141937102688
0.00498037593381
-0.583782836189
0.947417916536
-0.363635279003
-0.004978959661
-0.0193898727743
-0.0734109200778
-0.451556251989
0.980603728947
-0.529279269484
0.0717165280989
0.0
0.006761
0.25847
0.173046
-0.0002
-0.525366
0.0
0.0
0.1
-0.005
-0.25847
-0.173046
0.0002
-0.525366
0.0
0.0
0.1
-0.005
0.0
0.0
0.3
0.0505229307086
0.0
0.0
-0.00627357136494
0.0
2.06215691651
0.59548485582
1.0
0.0
0.0
0.0
1.0
0.141937101532
-0.000838376918943
-0.264056145831
0.937835122563
-0.673779175386
0.000839793191754
0.0404690475729
-0.0173794315083
-0.503574228641
0.984095731286
-0.479708045765
0.0158518779559
0.0
0.006761
0.25847
0.173046
-0.0002
-0.525366
0.0
0.0
0.1
-0.005
-0.25847
-0.173046
0.0002
-0.525366
0.0
0.0
0.1
-0.005
0.0
0.0
0.3
0.0464451093214
0.0
0.0
-0.00627357136494
0.0
2.15815691651
0.610026083949
1.0
0.0
0.0
0.0
1.0
0.0201964240906
0.0071438151015
-0.6315551696
0.890586819367
-0.259031693705
-0.00714240879439
0.0404829849899
-0.0345036327965
-0.341518511283
0.968188296692
-0.625855967
0.032976084912
0.0
0.006761
0.25847
0.173046
-0.0002
-0.525366
0.0
0.0
0.1
-0.005
-0.25847
-0.173046
0.0002
-0.525366
0.0
0.0
0.1
-0.005
0.0
0.0
0.3
0.0444375664846
0.0
0.0
-0.00627357136494
0.0
2.41615691651
0.645922424435
1.0
0.0
0.0
0.0
1.0
0.0201964219197
-0.0422386571279
-0.233783050818
0.918546260368
-0.684763253527
0.042240063435
-0.0198153020398
-0.053329204392
-0.538496320176
0.967602284609
-0.428248335911
0.0518311777524
0.0
0.006761
0.25847
0.173046
-0.0002
-0.525366
0.0
0.0
0.1
-0.005
-0.25847
-0.173046
0.0002
-0.525366
0.0
0.0
0.1
-0.005
0.0
0.0
0.3
0.0390422951107
0.0
0.0
-0.00627357136494
0.0
2.50915691651
0.657724090816
1.0
0.0
0.0
0.0
1.0
0.117972568735
-0.000630358870028
-0.544988906779
0.971090830221
-0.426102086743
0.00063177797575
-0.0197964931727
-0.0752002126612
-0.392845782387
0.974359891521
-0.580655272628
0.0737021940756
0.0
0.006761
0.25847
0.173046
-0.0002
-0.525366
0.0
0.0
0.1
-0.005
-0.25847
-0.173046
0.0002
-0.525366
0.0
0.0
0.1
-0.005
0.0
0.0
0.3
0.0370974879876
0.0
0.0
-0.00627357136494
0.0
2.67115691651
0.676842047624
1.0
0.0
0.0
0.0
1.0
0.117972568757
-0.000498368277726
-0.270301154161
0.940570025369
-0.670269034511
0.000499787383448
-0.0748281534066
-0.0111069287816
-0.50512299014
0.984076818405
-0.4783616352
0.00937275713934
0.0
0.006761
0.25847
0.173046
-0.0002
-0.525366
0.0
0.0
0.1
-0.005
-0.25847
-0.173046
0.0002
-0.525366
0.0
0.0
0.1
-0.005
0.0
0.0
0.3
0.0337097594505
0.0
0.0
-0.00627357136494
0.0
2.77315691651
0.687940753412
1.0
0.0
0.0
0.0
1.0
0.0722207588271
0.0160112667571
-0.582970767947
0.947064376295
-0.364092345626
-0.0160035029412
-0.0748103345046
-0.041175636171
-0.334687969881
0.965009477486
-0.629728848735
0.0394414698046
0.0
0.006761
0.25847
0.173046
-0.0002
-0.525366
0.0
0.0
0.1
-0.005
-0.25847
-0.173046
0.0002
-0.525366
0.0
0.0
0.1
-0.005
0.0
0.0
0.3
0.0315767451865
0.0
0.0
-0.00627357136494
0.0
2.95315691651
0.705757557678
1.0
0.0
0.0
0.0
1.0
0.07222076855
0.00831150888396
-0.296508023216
0.952949297305
-0.656440011484
-0.00830374506808
-0.0310170980871
-0.00362702688694
-0.674197727709
0.754818355796
-0.0808714996606
0.0019353060181
0.0
0.006761
0.25847
0.173046
-0.0002
-0.525366
0.0
0.0
0.1
-0.005
-0.25847
-0.173046
0.0002
-0.525366
0.0
0.0
0.1
-0.005
0.0
0.0
0.3
0.0278126023675
0.0
0.0
-0.00627357136494
0.0
3.19015691652
0.725771845604
1.0
0.0
0.0
0.0
1.0
0.165546232536
0.00159283719239
-0.58376668804
0.947306036814
-0.363539580108
-0.00159143082842
-0.0310281507193
-0.0476481729178
-0.409474674831
0.983445763378
-0.574222243522
0.0459564534353
0.0
0.006761
0.25847
0.173046
-0.0002
-0.525366
0.0
0.0
0.1
-0.005
-0.25847
-0.173046
0.0002
-0.525366
0.0
0.0
0.1
-0.005
0.0
0.0
0.3
0.0228564809892
0.0
0.0
-0.00627357136494
0.0
3.37315691652
0.738547101055
1.0
0.0
0.0
0.0
1.0
0.165546239077
0.0298563113738
-0.293219111106
0.950323270496
-0.657104390827
-0.0298549050098
-0.0638109758574
-0.0749486483681
-0.526475825115
0.966460151427
-0.439184090183
0.0733853947669
0.0
0.006761
0.25847
0.173046
-0.0002
-0.525366
0.0
0.0
0.1
-0.005
-0.25847
-0.173046
0.0002
-0.525366
0.0
0.0
0.1
-0.005
0.0
0.0
0.3
0.0190296024566
0.0
0.0
-0.00627357136494
0.0
3.47314186315
0.744823205669
1.0
0.0
0.0
0.0
1.0
0.0985245540681
0.000790963953655
-0.544736051738
0.971301007412
-0.426565091135
-0.000789532030266
-0.0637947368547
-0.0951509892519
-0.365659714341
0.962657150238
-0.596195820239
0.0935877421299
0.0
0.006761
0.25847
0.173046
-0.0002
-0.525366
0.0
0.0
0.1
-0.005
-0.25847
-0.173046
0.0002
-0.525366
0.0
0.0
0.1
-0.005
0.0
0.0
0.268329656262
0.0168338524789
0.0
-0.1
-0.00627357136494
0.0
3.62845943629
0.754567164462
1.0
0.0
0.0
0.0
1.0
0.0985156711058
0.00977817161081
-0.284994239668
0.947554224752
-0.662564222464
-0.00977827272452
0.0691468825765
-0.00340126949249
-0.683010547592
0.756030547263
-0.0728207153569
0.00170676512944
0.0
0.006761
0.25847
0.173046
-0.0002
-0.525366
0.0
0.0
0.1
-0.005
-0.25847
-0.173046
0.0002
-0.525366
0.0
0.0
0.1
-0.005
0.0
0.0
2.22044604925e-16
6.93889390391e-18
0.0
0.0
0.0
0.0
3.8331458853
0.767408314915
1.02127
0.0
0.0
0.0
1.0
0.0
0.0
-0.411354
0.859395
-0.448041
-0.001708
0.0
0.0
-0.411354
0.859395
-0.448041
-0.001708
0.0
0.006761
0.25847
0.173046
-0.0002
-0.525366
0.0
-0.0
0.1
-0.005
-0.25847
-0.173046
0.0002
-0.525366
0.0
0.0
0.1
-0.005
0.0
0.0
2.22044604925e-16
6.93889390391e-18
0.0
0.0
0.0
0.0
