45
0.050005
1.2
1.02127
0.0
0.0
0.0
1.0
0.0
0.0
-0.411354
0.859395
-0.448041
-0.001708
0.0
0.0
-0.411354
0.859395
-0.448041
-0.001708
0.0
0.006761
0.25847
0.173046
-0.0002
-0.525366
0.0
-0.0
0.1
-0.005
-0.25847
-0.173046
0.0002
-0.525366
0.0
0.0
0.1
-0.005
0.0
0.0
0.001
0.0
0.000291955017301
0.1
0.0
0.0291955017301
0.158045
1.2
1.01154427984
0.0
0.0
0.0
1.0
0.0525432318322
0.021613182707
-0.383292896723
0.914541939964
-0.530963432779
-0.0214903436054
1.0335236047e-21
3.9184630925e-18
-0.249263055787
0.875985713106
-0.626722657319
-0.001708
0.0
0.006761
0.25847
0.173046
-0.0002
-0.525366
0.0
0.0
0.1
-0.005
-0.25847
-0.173046
0.0002
-0.525366
0.0
0.0
0.1
-0.005
0.0
0.0
0.147
0.0
0.0429173875433
0.1
0.0
0.0291955017301
0.22672
1.2
1.03159429066
0.0
0.0
0.0
1.0
0.0525418437347
0.0264716061601
-0.195691532922
0.728134095136
-0.532156918381
-0.0263487672567
0.0307625097278
0.00113150437108
-0.846400045489
1.23641941292
-0.389082653746
-0.00250032043515
0.0
0.006761
0.25847
0.173046
-0.0002
-0.525366
0.0
0.0
0.1
-0.005
-0.25847
-0.173046
0.0002
-0.525366
0.0
0.0
0.1
-0.005
0.0
0.0
0.188
0.0
0.0548875432526
0.1
0.0
0.0291955017301
0.321445
1.2
1.05924972967
0.0
0.0
0.0
1.0
-0.0619002405293
0.0068499061711
-0.669122951257
1.18863303252
-0.519721158127
-0.00678758278371
0.0307578563015
0.00609925228258
-0.657974224166
1.19409459108
-0.535183636403
-0.00746807052611
0.0
0.006761
0.25847
0.173046
-0.0002
-0.525366
0.0
0.0
0.1
-0.005
-0.25847
-0.173046
0.0002
-0.525366
0.0
0.0
0.1
-0.005
0.0
0.0
0.233
0.0
0.0680255190311
0.1
0.0
0.0291955017301
0.491045
1.2
1.10876530061
0.0
0.0
0.0
1.0
-0.0619038704149
-0.0103470053288
-0.258186473251
0.889802913985
-0.631827523947
0.0104093290992
0.0286211149594
-0.0121638281589
-0.91181301591
1.33029544816
-0.41753499013
0.0107695251814
0.0
0.006761
0.25847
0.173046
-0.0002
-0.525366
0.0
0.0
0.1
-0.005
-0.25847
-0.173046
0.0002
-0.525366
0.0
0.0
0.1
-0.005
0.0
0.0
0.297
0.0
0.0867106401384
0.1
0.0
0.0291955017301
0.62
1.2
1.14875
0.0
0.0
0.0
1.0
-0.0226016972461
-0.00143561912901
-0.730545632351
1.22128852987
-0.490652658344
0.00116493649963
0.0286141693514
-0.00483294556533
-0.64164450673
1.25824798628
-0.615656096452
0.00343863929778
0.0
0.006761
0.25847
0.173046
-0.0002
-0.525366
0.0
0.0
0.1
-0.005
-0.25847
-0.173046
0.0002
-0.525366
0.0
0.0
0.1
-0.005
0.0
0.0
0.3
0.0
0.0992647058824
0.0
0.0
0.0291955017301
0.815
1.2
1.21943960856
0.0
0.0
0.0
1.0
-0.0226010906362
-0.00815769222653
-0.2283899026
0.817396432193
-0.58891628751
0.00788700962452
-0.0433306782842
0.0244921618153
-0.845453938065
1.32473102737
-0.47802541193
-0.0250872566364
0.0
0.006761
0.25847
0.173046
-0.0002
-0.525366
0.0
0.0
0.1
-0.005
-0.25847
-0.173046
0.0002
-0.525366
0.0
0.0
0.1
-0.005
0.0
0.0
0.3
0.0
0.118241782007
0.0
0.0
0.0291955017301
0.911
1.2
1.25877178849
0.0
0.0
0.0
1.0
0.0422228584761
-0.00895170914621
-0.736510585859
1.14574363981
-0.409478077334
0.00913021525216
-0.0433196244231
0.0156618965209
-0.616992174924
1.20863200047
-0.590388370089
-0.0162569844262
0.0
0.006761
0.25847
0.173046
-0.0002
-0.525366
0.0
0.0
0.1
-0.005
-0.25847
-0.173046
0.0002
-0.525366
0.0
0.0
0.1
-0.005
0.0
0.0
0.3
0.0
0.127584342561
0.0
0.0
0.0291955017301
1.139
1.2
1.35377362673
0.0
0.0
0.0
1.0
0.042226662053
0.00657190108365
-0.0851209480695
0.510566202627
-0.425690273414
-0.00639339544366
-0.0775685967387
-0.0135767763637
-0.70571303045
1.20399532877
-0.496907822389
0.0130431949071
0.0
0.006761
0.25847
0.173046
-0.0002
-0.525366
0.0
0.0
0.1
-0.005
-0.25847
-0.173046
0.0002
-0.525366
0.0
0.0
0.1
-0.005
0.0
0.0
0.3
0.0
0.114932958478
0.0
0.0
-0.0291955017301
1.181
1.2
1.369578125
0.0
0.0
0.0
1.0
-0.025284928651
0.00379331415774
-0.723230499204
1.07101399509
-0.347814609191
-0.00381986692875
-0.0775615263958
-0.0187199226781
-0.607243191374
1.14880632149
-0.540188540011
0.0181863460802
0.0
0.006761
0.25847
0.173046
-0.0002
-0.525366
0.0
0.0
0.1
-0.005
-0.25847
-0.173046
0.0002
-0.525366
0.0
0.0
0.1
-0.005
0.0
0.0
0.3
0.0
0.110845588235
0.0
0.0
-0.0291955017301
1.42099944444
1.2
1.44891203503
0.0
0.0
0.0
1.0
-0.0252852244662
-0.00571434989777
-0.113714539932
0.566847256877
-0.45316383053
0.00568779713137
-0.0769492008018
0.00219145102882
-0.798676125022
1.15445969527
-0.354400952366
-0.00301813882048
0.0
0.006761
0.25847
0.173046
-0.0002
-0.525366
0.0
0.0
0.1
-0.005
-0.25847
-0.173046
0.0002
-0.525366
0.0
0.0
0.1
-0.005
0.0
0.0
0.299666666667
0.0
0.0874891868512
-0.1
0.0
-0.0291955017301
1.48172444444
1.2
1.46664100346
0.0
0.0
0.0
1.0
-0.00493872226255
-0.00106130855648
-0.731269225368
1.0869054263
-0.355665863426
0.00103306831958
-0.0769381268767
-0.00581788340053
-0.682879810891
1.13253219528
-0.448269746428
0.00499120326436
0.0
0.006761
0.25847
0.173046
-0.0002
-0.525366
0.0
0.0
0.1
-0.005
-0.25847
-0.173046
0.0002
-0.525366
0.0
0.0
0.1
-0.005
0.0
0.0
0.278666666667
0.0
0.0813581314879
-0.1
0.0
-0.0291955017301
1.72093111111
1.2
1.53647858997
0.0
0.0
0.0
1.0
-0.004938772223
-0.00274559993318
-0.16436082064
0.681749300249
-0.517418142198
0.00271735969702
-0.0179001011547
0.0150213209165
-0.832730429165
1.21314148133
-0.379773201193
-0.0162873419149
0.0
0.006761
0.25847
0.173046
-0.0002
-0.525366
0.0
0.0
0.1
-0.005
-0.25847
-0.173046
0.0002
-0.525366
0.0
0.0
0.1
-0.005
0.0
0.0
0.172666666667
0.0
0.050410899654
-0.1
0.0
-0.0291955017301
1.87
1.2
1.62127
0.0
0.0
0.0
1.0
0.0
0.0
-0.411354
0.859395
-0.448041
-0.001708
0.0
0.0
-0.411354
0.859395
-0.448041
-0.001708
0.0
0.006761
0.25847
0.173046
-0.0002
-0.525366
0.0
-0.0
0.1
-0.005
-0.25847
-0.173046
0.0002
-0.525366
0.0
0.0
0.1
-0.005
0.0
0.0
0.001
0.0
0.000291955017301
0.0
0.0
0.0
