45
5e-08
0.0
1.02127
0.0
0.0
0.0
1.0
0.0
0.0
-0.411354
0.859395
-0.448041
-0.001708
0.0
0.0
-0.411354
0.859395
-0.448041
-0.001708
0.0
0.006761
0.25847
0.173046
-0.0002
-0.525366
0.0
-0.0
0.1
-0.005
-0.25847
-2.0
0.0002
-0.525366
0.0
0.0
0.1
-0.005
0.0
0.0
0.0
0.0
0.0
0.0
0.0
0.0
5e-08
0.0
1.02127
0.0
0.0
0.0
1.0
0.0
0.0
-0.411354
0.859395
-0.448041
-0.001708
0.0
0.0
-0.411354
0.859395
-0.448041
-0.001708
0.0
0.006761
0.25847
0.173046
-0.0002
-0.525366
0.0
-0.0
0.1
-0.005
-0.25847
-2.01
0.0002
-0.525366
0.0
0.0
0.1
-0.005
0.0
0.0
0.0
0.0
0.0
0.0
0.0
0.0
5e-08
0.0
1.02127
0.0
0.0
0.0
1.0
0.0
0.0
-0.411354
0.859395
-0.448041
-0.001708
0.0
0.0
-0.411354
0.859395
-0.448041
-0.001708
0.0
0.006761
0.25847
0.173046
-0.0002
-0.525366
0.0
-0.0
0.1
-0.005
-0.25847
-2.0199999999999996
0.0002
-0.525366
0.0
0.0
0.1
-0.005
0.0
0.0
0.0
0.0
0.0
0.0
0.0
0.0
5e-08
0.0
1.02127
0.0
0.0
0.0
1.0
0.0
0.0
-0.411354
0.859395
-0.448041
-0.001708
0.0
0.0
-0.411354
0.859395
-0.448041
-0.001708
0.0
0.006761
0.25847
0.173046
-0.0002
-0.525366
0.0
-0.0
0.1
-0.005
-0.25847
-2.0299999999999994
0.0002
-0.525366
0.0
0.0
0.1
-0.005
0.0
0.0
0.0
0.0
0.0
0.0
0.0
0.0
5e-08
0.0
1.02127
0.0
0.0
0.0
1.0
0.0
0.0
-0.411354
0.859395
-0.448041
-0.001708
0.0
0.0
-0.411354
0.859395
-0.448041
-0.001708
0.0
0.006761
0.25847
0.173046
-0.0002
-0.525366
0.0
-0.0
0.1
-0.005
-0.25847
-2.039999999999999
0.0002
-0.525366
0.0
0.0
0.1
-0.005
0.0
0.0
0.0
0.0
0.0
0.0
0.0
0.0
5e-08
0.0
1.02127
0.0
0.0
0.0
1.0
0.0
0.0
-0.411354
0.859395
-0.448041
-0.001708
0.0
0.0
-0.411354
0.859395
-0.448041
-0.001708
0.0
0.006761
0.25847
0.173046
-0.0002
-0.525366
0.0
-0.0
0.1
-0.005
-0.25847
-2.049999999999999
0.0002
-0.525366
0.0
0.0
0.1
-0.005
0.0
0.0
0.0
0.0
0.0
0.0
0.0
0.0
5e-08
0.0
1.02127
0.0
0.0
0.0
1.0
0.0
0.0
-0.411354
0.859395
-0.448041
-0.001708
0.0
0.0
-0.411354
0.859395
-0.448041
-0.001708
0.0
0.006761
0.25847
0.173046
-0.0002
-0.525366
0.0
-0.0
0.1
-0.005
-0.25847
-2.0599999999999987
0.0002
-0.525366
0.0
0.0
0.1
-0.005
0.0
0.0
0.0
0.0
0.0
0.0
0.0
0.0
5e-08
0.0
1.02127
0.0
0.0
0.0
1.0
0.0
0.0
-0.411354
0.859395
-0.448041
-0.001708
0.0
0.0
-0.411354
0.859395
-0.448041
-0.001708
0.0
0.006761
0.25847
0.173046
-0.0002
-0.525366
0.0
-0.0
0.1
-0.005
-0.25847
-2.0699999999999985
0.0002
-0.525366
0.0
0.0
0.1
-0.005
0.0
0.0
0.0
0.0
0.0
0.0
0.0
0.0
5e-08
0.0
1.02127
0.0
0.0
0.0
1.0
0.0
0.0
-0.411354
0.859395
-0.448041
-0.001708
0.0
0.0
-0.411354
0.859395
-0.448041
-0.001708
0.0
0.006761
0.25847
0.173046
-0.0002
-0.525366
0.0
-0.0
0.1
-0.005
-0.25847
-2.0799999999999983
0.0002
-0.525366
0.0
0.0
0.1
-0.005
0.0
0.0
0.0
0.0
0.0
0.0
0.0
0.0
5e-08
0.0
1.02127
0.0
0.0
0.0
1.0
0.0
0.0
-0.411354
0.859395
-0.448041
-0.001708
0.0
0.0
-0.411354
0.859395
-0.448041
-0.001708
0.0
0.006761
0.25847
0.173046
-0.0002
-0.525366
0.0
-0.0
0.1
-0.005
-0.25847
-2.089999999999998
0.0002
-0.525366
0.0
0.0
0.1
-0.005
0.0
0.0
0.0
0.0
0.0
0.0
0.0
0.0
5e-08
0.0
1.02127
0.0
0.0
0.0
1.0
0.0
0.0
-0.411354
0.859395
-0.448041
-0.001708
0.0
0.0
-0.411354
0.859395
-0.448041
-0.001708
0.0
0.006761
0.25847
0.173046
-0.0002
-0.525366
0.0
-0.0
0.1
-0.005
-0.25847
-2.099999999999998
0.0002
-0.525366
0.0
0.0
0.1
-0.005
0.0
0.0
0.0
0.0
0.0
0.0
0.0
0.0
5e-08
0.0
1.02127
0.0
0.0
0.0
1.0
0.0
0.0
-0.411354
0.859395
-0.448041
-0.001708
0.0
0.0
-0.411354
0.859395
-0.448041
-0.001708
0.0
0.006761
0.25847
0.173046
-0.0002
-0.525366
0.0
-0.0
0.1
-0.005
-0.25847
-2.1099999999999977
0.0002
-0.525366
0.0
0.0
0.1
-0.005
0.0
0.0
0.0
0.0
0.0
0.0
0.0
0.0
5e-08
0.0
1.02127
0.0
0.0
0.0
1.0
0.0
0.0
-0.411354
0.859395
-0.448041
-0.001708
0.0
0.0
-0.411354
0.859395
-0.448041
-0.001708
0.0
0.006761
0.25847
0.173046
-0.0002
-0.525366
0.0
-0.0
0.1
-0.005
-0.25847
-2.1199999999999974
0.0002
-0.525366
0.0
0.0
0.1
-0.005
0.0
0.0
0.0
0.0
0.0
0.0
0.0
0.0
5e-08
0.0
1.02127
0.0
0.0
0.0
1.0
0.0
0.0
-0.411354
0.859395
-0.448041
-0.001708
0.0
0.0
-0.411354
0.859395
-0.448041
-0.001708
0.0
0.006761
0.25847
0.173046
-0.0002
-0.525366
0.0
-0.0
0.1
-0.005
-0.25847
-2.1299999999999972
0.0002
-0.525366
0.0
0.0
0.1
-0.005
0.0
0.0
0.0
0.0
0.0
0.0
0.0
0.0
5e-08
0.0
1.02127
0.0
0.0
0.0
1.0
0.0
0.0
-0.411354
0.859395
-0.448041
-0.001708
0.0
0.0
-0.411354
0.859395
-0.448041
-0.001708
0.0
0.006761
0.25847
0.173046
-0.0002
-0.525366
0.0
-0.0
0.1
-0.005
-0.25847
-2.139999999999997
0.0002
-0.525366
0.0
0.0
0.1
-0.005
0.0
0.0
0.0
0.0
0.0
0.0
0.0
0.0
5e-08
0.0
1.02127
0.0
0.0
0.0
1.0
0.0
0.0
-0.411354
0.859395
-0.448041
-0.001708
0.0
0.0
-0.411354
0.859395
-0.448041
-0.001708
0.0
0.006761
0.25847
0.173046
-0.0002
-0.525366
0.0
-0.0
0.1
-0.005
-0.25847
-2.149999999999997
0.0002
-0.525366
0.0
0.0
0.1
-0.005
0.0
0.0
0.0
0.0
0.0
0.0
0.0
0.0
5e-08
0.0
1.02127
0.0
0.0
0.0
1.0
0.0
0.0
-0.411354
0.859395
-0.448041
-0.001708
0.0
0.0
-0.411354
0.859395
-0.448041
-0.001708
0.0
0.006761
0.25847
0.173046
-0.0002
-0.525366
0.0
-0.0
0.1
-0.005
-0.25847
-2.1599999999999966
0.0002
-0.525366
0.0
0.0
0.1
-0.005
0.0
0.0
0.0
0.0
0.0
0.0
0.0
0.0
5e-08
0.0
1.02127
0.0
0.0
0.0
1.0
0.0
0.0
-0.411354
0.859395
-0.448041
-0.001708
0.0
0.0
-0.411354
0.859395
-0.448041
-0.001708
0.0
0.006761
0.25847
0.173046
-0.0002
-0.525366
0.0
-0.0
0.1
-0.005
-0.25847
-2.1699999999999964
0.0002
-0.525366
0.0
0.0
0.1
-0.005
0.0
0.0
0.0
0.0
0.0
0.0
0.0
0.0
5e-08
0.0
1.02127
0.0
0.0
0.0
1.0
0.0
0.0
-0.411354
0.859395
-0.448041
-0.001708
0.0
0.0
-0.411354
0.859395
-0.448041
-0.001708
0.0
0.006761
0.25847
0.173046
-0.0002
-0.525366
0.0
-0.0
0.1
-0.005
-0.25847
-2.179999999999996
0.0002
-0.525366
0.0
0.0
0.1
-0.005
0.0
0.0
0.0
0.0
0.0
0.0
0.0
0.0
5e-08
0.0
1.02127
0.0
0.0
0.0
1.0
0.0
0.0
-0.411354
0.859395
-0.448041
-0.001708
0.0
0.0
-0.411354
0.859395
-0.448041
-0.001708
0.0
0.006761
0.25847
0.173046
-0.0002
-0.525366
0.0
-0.0
0.1
-0.005
-0.25847
-2.189999999999996
0.0002
-0.525366
0.0
0.0
0.1
-0.005
0.0
0.0
0.0
0.0
0.0
0.0
0.0
0.0
5e-08
0.0
1.02127
0.0
0.0
0.0
1.0
0.0
0.0
-0.411354
0.859395
-0.448041
-0.001708
0.0
0.0
-0.411354
0.859395
-0.448041
-0.001708
0.0
0.006761
0.25847
0.173046
-0.0002
-0.525366
0.0
-0.0
0.1
-0.005
-0.25847
-2.1999999999999957
0.0002
-0.525366
0.0
0.0
0.1
-0.005
0.0
0.0
0.0
0.0
0.0
0.0
0.0
0.0
5e-08
0.0
1.02127
0.0
0.0
0.0
1.0
0.0
0.0
-0.411354
0.859395
-0.448041
-0.001708
0.0
0.0
-0.411354
0.859395
-0.448041
-0.001708
0.0
0.006761
0.25847
0.173046
-0.0002
-0.525366
0.0
-0.0
0.1
-0.005
-0.25847
-2.2099999999999955
0.0002
-0.525366
0.0
0.0
0.1
-0.005
0.0
0.0
0.0
0.0
0.0
0.0
0.0
0.0
5e-08
0.0
1.02127
0.0
0.0
0.0
1.0
0.0
0.0
-0.411354
0.859395
-0.448041
-0.001708
0.0
0.0
-0.411354
0.859395
-0.448041
-0.001708
0.0
0.006761
0.25847
0.173046
-0.0002
-0.525366
0.0
-0.0
0.1
-0.005
-0.25847
-2.2199999999999953
0.0002
-0.525366
0.0
0.0
0.1
-0.005
0.0
0.0
0.0
0.0
0.0
0.0
0.0
0.0
5e-08
0.0
1.02127
0.0
0.0
0.0
1.0
0.0
0.0
-0.411354
0.859395
-0.448041
-0.001708
0.0
0.0
-0.411354
0.859395
-0.448041
-0.001708
0.0
0.006761
0.25847
0.173046
-0.0002
-0.525366
0.0
-0.0
0.1
-0.005
-0.25847
-2.229999999999995
0.0002
-0.525366
0.0
0.0
0.1
-0.005
0.0
0.0
0.0
0.0
0.0
0.0
0.0
0.0
5e-08
0.0
1.02127
0.0
0.0
0.0
1.0
0.0
0.0
-0.411354
0.859395
-0.448041
-0.001708
0.0
0.0
-0.411354
0.859395
-0.448041
-0.001708
0.0
0.006761
0.25847
0.173046
-0.0002
-0.525366
0.0
-0.0
0.1
-0.005
-0.25847
-2.239999999999995
0.0002
-0.525366
0.0
0.0
0.1
-0.005
0.0
0.0
0.0
0.0
0.0
0.0
0.0
0.0
5e-08
0.0
1.02127
0.0
0.0
0.0
1.0
0.0
0.0
-0.411354
0.859395
-0.448041
-0.001708
0.0
0.0
-0.411354
0.859395
-0.448041
-0.001708
0.0
0.006761
0.25847
0.173046
-0.0002
-0.525366
0.0
-0.0
0.1
-0.005
-0.25847
-2.2499999999999947
0.0002
-0.525366
0.0
0.0
0.1
-0.005
0.0
0.0
0.0
0.0
0.0
0.0
0.0
0.0
5e-08
0.0
1.02127
0.0
0.0
0.0
1.0
0.0
0.0
-0.411354
0.859395
-0.448041
-0.001708
0.0
0.0
-0.411354
0.859395
-0.448041
-0.001708
0.0
0.006761
0.25847
0.173046
-0.0002
-0.525366
0.0
-0.0
0.1
-0.005
-0.25847
-2.2599999999999945
0.0002
-0.525366
0.0
0.0
0.1
-0.005
0.0
0.0
0.0
0.0
0.0
0.0
0.0
0.0
5e-08
0.0
1.02127
0.0
0.0
0.0
1.0
0.0
0.0
-0.411354
0.859395
-0.448041
-0.001708
0.0
0.0
-0.411354
0.859395
-0.448041
-0.001708
0.0
0.006761
0.25847
0.173046
-0.0002
-0.525366
0.0
-0.0
0.1
-0.005
-0.25847
-2.2699999999999942
0.0002
-0.525366
0.0
0.0
0.1
-0.005
0.0
0.0
0.0
0.0
0.0
0.0
0.0
0.0
5e-08
0.0
1.02127
0.0
0.0
0.0
1.0
0.0
0.0
-0.411354
0.859395
-0.448041
-0.001708
0.0
0.0
-0.411354
0.859395
-0.448041
-0.001708
0.0
0.006761
0.25847
0.173046
-0.0002
-0.525366
0.0
-0.0
0.1
-0.005
-0.25847
-2.279999999999994
0.0002
-0.525366
0.0
0.0
0.1
-0.005
0.0
0.0
0.0
0.0
0.0
0.0
0.0
0.0
5e-08
0.0
1.02127
0.0
0.0
0.0
1.0
0.0
0.0
-0.411354
0.859395
-0.448041
-0.001708
0.0
0.0
-0.411354
0.859395
-0.448041
-0.001708
0.0
0.006761
0.25847
0.173046
-0.0002
-0.525366
0.0
-0.0
0.1
-0.005
-0.25847
-2.289999999999994
0.0002
-0.525366
0.0
0.0
0.1
-0.005
0.0
0.0
0.0
0.0
0.0
0.0
0.0
0.0
5e-08
0.0
1.02127
0.0
0.0
0.0
1.0
0.0
0.0
-0.411354
0.859395
-0.448041
-0.001708
0.0
0.0
-0.411354
0.859395
-0.448041
-0.001708
0.0
0.006761
0.25847
0.173046
-0.0002
-0.525366
0.0
-0.0
0.1
-0.005
-0.25847
-2.2999999999999936
0.0002
-0.525366
0.0
0.0
0.1
-0.005
0.0
0.0
0.0
0.0
0.0
0.0
0.0
0.0
5e-08
0.0
1.02127
0.0
0.0
0.0
1.0
0.0
0.0
-0.411354
0.859395
-0.448041
-0.001708
0.0
0.0
-0.411354
0.859395
-0.448041
-0.001708
0.0
0.006761
0.25847
0.173046
-0.0002
-0.525366
0.0
-0.0
0.1
-0.005
-0.25847
-2.3099999999999934
0.0002
-0.525366
0.0
0.0
0.1
-0.005
0.0
0.0
0.0
0.0
0.0
0.0
0.0
0.0
5e-08
0.0
1.02127
0.0
0.0
0.0
1.0
0.0
0.0
-0.411354
0.859395
-0.448041
-0.001708
0.0
0.0
-0.411354
0.859395
-0.448041
-0.001708
0.0
0.006761
0.25847
0.173046
-0.0002
-0.525366
0.0
-0.0
0.1
-0.005
-0.25847
-2.319999999999993
0.0002
-0.525366
0.0
0.0
0.1
-0.005
0.0
0.0
0.0
0.0
0.0
0.0
0.0
0.0
5e-08
0.0
1.02127
0.0
0.0
0.0
1.0
0.0
0.0
-0.411354
0.859395
-0.448041
-0.001708
0.0
0.0
-0.411354
0.859395
-0.448041
-0.001708
0.0
0.006761
0.25847
0.173046
-0.0002
-0.525366
0.0
-0.0
0.1
-0.005
-0.25847
-2.329999999999993
0.0002
-0.525366
0.0
0.0
0.1
-0.005
0.0
0.0
0.0
0.0
0.0
0.0
0.0
0.0
5e-08
0.0
1.02127
0.0
0.0
0.0
1.0
0.0
0.0
-0.411354
0.859395
-0.448041
-0.001708
0.0
0.0
-0.411354
0.859395
-0.448041
-0.001708
0.0
0.006761
0.25847
0.173046
-0.0002
-0.525366
0.0
-0.0
0.1
-0.005
-0.25847
-2.3399999999999928
0.0002
-0.525366
0.0
0.0
0.1
-0.005
0.0
0.0
0.0
0.0
0.0
0.0
0.0
0.0
5e-08
0.0
1.02127
0.0
0.0
0.0
1.0
0.0
0.0
-0.411354
0.859395
-0.448041
-0.001708
0.0
0.0
-0.411354
0.859395
-0.448041
-0.001708
0.0
0.006761
0.25847
0.173046
-0.0002
-0.525366
0.0
-0.0
0.1
-0.005
-0.25847
-2.3499999999999925
0.0002
-0.525366
0.0
0.0
0.1
-0.005
0.0
0.0
0.0
0.0
0.0
0.0
0.0
0.0
5e-08
0.0
1.02127
0.0
0.0
0.0
1.0
0.0
0.0
-0.411354
0.859395
-0.448041
-0.001708
0.0
0.0
-0.411354
0.859395
-0.448041
-0.001708
0.0
0.006761
0.25847
0.173046
-0.0002
-0.525366
0.0
-0.0
0.1
-0.005
-0.25847
-2.3599999999999923
0.0002
-0.525366
0.0
0.0
0.1
-0.005
0.0
0.0
0.0
0.0
0.0
0.0
0.0
0.0
5e-08
0.0
1.02127
0.0
0.0
0.0
1.0
0.0
0.0
-0.411354
0.859395
-0.448041
-0.001708
0.0
0.0
-0.411354
0.859395
-0.448041
-0.001708
0.0
0.006761
0.25847
0.173046
-0.0002
-0.525366
0.0
-0.0
0.1
-0.005
-0.25847
-2.369999999999992
0.0002
-0.525366
0.0
0.0
0.1
-0.005
0.0
0.0
0.0
0.0
0.0
0.0
0.0
0.0
5e-08
0.0
1.02127
0.0
0.0
0.0
1.0
0.0
0.0
-0.411354
0.859395
-0.448041
-0.001708
0.0
0.0
-0.411354
0.859395
-0.448041
-0.001708
0.0
0.006761
0.25847
0.173046
-0.0002
-0.525366
0.0
-0.0
0.1
-0.005
-0.25847
-2.379999999999992
0.0002
-0.525366
0.0
0.0
0.1
-0.005
0.0
0.0
0.0
0.0
0.0
0.0
0.0
0.0
5e-08
0.0
1.02127
0.0
0.0
0.0
1.0
0.0
0.0
-0.411354
0.859395
-0.448041
-0.001708
0.0
0.0
-0.411354
0.859395
-0.448041
-0.001708
0.0
0.006761
0.25847
0.173046
-0.0002
-0.525366
0.0
-0.0
0.1
-0.005
-0.25847
-2.3899999999999917
0.0002
-0.525366
0.0
0.0
0.1
-0.005
0.0
0.0
0.0
0.0
0.0
0.0
0.0
0.0
5e-08
0.0
1.02127
0.0
0.0
0.0
1.0
0.0
0.0
-0.411354
0.859395
-0.448041
-0.001708
0.0
0.0
-0.411354
0.859395
-0.448041
-0.001708
0.0
0.006761
0.25847
0.173046
-0.0002
-0.525366
0.0
-0.0
0.1
-0.005
-0.25847
-2.3999999999999915
0.0002
-0.525366
0.0
0.0
0.1
-0.005
0.0
0.0
0.0
0.0
0.0
0.0
0.0
0.0
5e-08
0.0
1.02127
0.0
0.0
0.0
1.0
0.0
0.0
-0.411354
0.859395
-0.448041
-0.001708
0.0
0.0
-0.411354
0.859395
-0.448041
-0.001708
0.0
0.006761
0.25847
0.173046
-0.0002
-0.525366
0.0
-0.0
0.1
-0.005
-0.25847
-2.4099999999999913
0.0002
-0.525366
0.0
0.0
0.1
-0.005
0.0
0.0
0.0
0.0
0.0
0.0
0.0
0.0
5e-08
0.0
1.02127
0.0
0.0
0.0
1.0
0.0
0.0
-0.411354
0.859395
-0.448041
-0.001708
0.0
0.0
-0.411354
0.859395
-0.448041
-0.001708
0.0
0.006761
0.25847
0.173046
-0.0002
-0.525366
0.0
-0.0
0.1
-0.005
-0.25847
-2.419999999999991
0.0002
-0.525366
0.0
0.0
0.1
-0.005
0.0
0.0
0.0
0.0
0.0
0.0
0.0
0.0
5e-08
0.0
1.02127
0.0
0.0
0.0
1.0
0.0
0.0
-0.411354
0.859395
-0.448041
-0.001708
0.0
0.0
-0.411354
0.859395
-0.448041
-0.001708
0.0
0.006761
0.25847
0.173046
-0.0002
-0.525366
0.0
-0.0
0.1
-0.005
-0.25847
-2.429999999999991
0.0002
-0.525366
0.0
0.0
0.1
-0.005
0.0
0.0
0.0
0.0
0.0
0.0
0.0
0.0
5e-08
0.0
1.02127
0.0
0.0
0.0
1.0
0.0
0.0
-0.411354
0.859395
-0.448041
-0.001708
0.0
0.0
-0.411354
0.859395
-0.448041
-0.001708
0.0
0.006761
0.25847
0.173046
-0.0002
-0.525366
0.0
-0.0
0.1
-0.005
-0.25847
-2.4399999999999906
0.0002
-0.525366
0.0
0.0
0.1
-0.005
0.0
0.0
0.0
0.0
0.0
0.0
0.0
0.0
5e-08
0.0
1.02127
0.0
0.0
0.0
1.0
0.0
0.0
-0.411354
0.859395
-0.448041
-0.001708
0.0
0.0
-0.411354
0.859395
-0.448041
-0.001708
0.0
0.006761
0.25847
0.173046
-0.0002
-0.525366
0.0
-0.0
0.1
-0.005
-0.25847
-2.4499999999999904
0.0002
-0.525366
0.0
0.0
0.1
-0.005
0.0
0.0
0.0
0.0
0.0
0.0
0.0
0.0
5e-08
0.0
1.02127
0.0
0.0
0.0
1.0
0.0
0.0
-0.411354
0.859395
-0.448041
-0.001708
0.0
0.0
-0.411354
0.859395
-0.448041
-0.001708
0.0
0.006761
0.25847
0.173046
-0.0002
-0.525366
0.0
-0.0
0.1
-0.005
-0.25847
-2.45999999999999
0.0002
-0.525366
0.0
0.0
0.1
-0.005
0.0
0.0
0.0
0.0
0.0
0.0
0.0
0.0
5e-08
0.0
1.02127
0.0
0.0
0.0
1.0
0.0
0.0
-0.411354
0.859395
-0.448041
-0.001708
0.0
0.0
-0.411354
0.859395
-0.448041
-0.001708
0.0
0.006761
0.25847
0.173046
-0.0002
-0.525366
0.0
-0.0
0.1
-0.005
-0.25847
-2.46999999999999
0.0002
-0.525366
0.0
0.0
0.1
-0.005
0.0
0.0
0.0
0.0
0.0
0.0
0.0
0.0
5e-08
0.0
1.02127
0.0
0.0
0.0
1.0
0.0
0.0
-0.411354
0.859395
-0.448041
-0.001708
0.0
0.0
-0.411354
0.859395
-0.448041
-0.001708
0.0
0.006761
0.25847
0.173046
-0.0002
-0.525366
0.0
-0.0
0.1
-0.005
-0.25847
-2.4799999999999898
0.0002
-0.525366
0.0
0.0
0.1
-0.005
0.0
0.0
0.0
0.0
0.0
0.0
0.0
0.0
5e-08
0.0
1.02127
0.0
0.0
0.0
1.0
0.0
0.0
-0.411354
0.859395
-0.448041
-0.001708
0.0
0.0
-0.411354
0.859395
-0.448041
-0.001708
0.0
0.006761
0.25847
0.173046
-0.0002
-0.525366
0.0
-0.0
0.1
-0.005
-0.25847
-2.4899999999999896
0.0002
-0.525366
0.0
0.0
0.1
-0.005
0.0
0.0
0.0
0.0
0.0
0.0
0.0
0.0
5e-08
0.0
1.02127
0.0
0.0
0.0
1.0
0.0
0.0
-0.411354
0.859395
-0.448041
-0.001708
0.0
0.0
-0.411354
0.859395
-0.448041
-0.001708
0.0
0.006761
0.25847
0.173046
-0.0002
-0.525366
0.0
-0.0
0.1
-0.005
-0.25847
-2.4999999999999893
0.0002
-0.525366
0.0
0.0
0.1
-0.005
0.0
0.0
0.0
0.0
0.0
0.0
0.0
0.0
5e-08
0.0
1.02127
0.0
0.0
0.0
1.0
0.0
0.0
-0.411354
0.859395
-0.448041
-0.001708
0.0
0.0
-0.411354
0.859395
-0.448041
-0.001708
0.0
0.006761
0.25847
0.173046
-0.0002
-0.525366
0.0
-0.0
0.1
-0.005
-0.25847
-2.509999999999989
0.0002
-0.525366
0.0
0.0
0.1
-0.005
0.0
0.0
0.0
0.0
0.0
0.0
0.0
0.0
5e-08
0.0
1.02127
0.0
0.0
0.0
1.0
0.0
0.0
-0.411354
0.859395
-0.448041
-0.001708
0.0
0.0
-0.411354
0.859395
-0.448041
-0.001708
0.0
0.006761
0.25847
0.173046
-0.0002
-0.525366
0.0
-0.0
0.1
-0.005
-0.25847
-2.519999999999989
0.0002
-0.525366
0.0
0.0
0.1
-0.005
0.0
0.0
0.0
0.0
0.0
0.0
0.0
0.0
5e-08
0.0
1.02127
0.0
0.0
0.0
1.0
0.0
0.0
-0.411354
0.859395
-0.448041
-0.001708
0.0
0.0
-0.411354
0.859395
-0.448041
-0.001708
0.0
0.006761
0.25847
0.173046
-0.0002
-0.525366
0.0
-0.0
0.1
-0.005
-0.25847
-2.5299999999999887
0.0002
-0.525366
0.0
0.0
0.1
-0.005
0.0
0.0
0.0
0.0
0.0
0.0
0.0
0.0
5e-08
0.0
1.02127
0.0
0.0
0.0
1.0
0.0
0.0
-0.411354
0.859395
-0.448041
-0.001708
0.0
0.0
-0.411354
0.859395
-0.448041
-0.001708
0.0
0.006761
0.25847
0.173046
-0.0002
-0.525366
0.0
-0.0
0.1
-0.005
-0.25847
-2.5399999999999885
0.0002
-0.525366
0.0
0.0
0.1
-0.005
0.0
0.0
0.0
0.0
0.0
0.0
0.0
0.0
5e-08
0.0
1.02127
0.0
0.0
0.0
1.0
0.0
0.0
-0.411354
0.859395
-0.448041
-0.001708
0.0
0.0
-0.411354
0.859395
-0.448041
-0.001708
0.0
0.006761
0.25847
0.173046
-0.0002
-0.525366
0.0
-0.0
0.1
-0.005
-0.25847
-2.5499999999999883
0.0002
-0.525366
0.0
0.0
0.1
-0.005
0.0
0.0
0.0
0.0
0.0
0.0
0.0
0.0
5e-08
0.0
1.02127
0.0
0.0
0.0
1.0
0.0
0.0
-0.411354
0.859395
-0.448041
-0.001708
0.0
0.0
-0.411354
0.859395
-0.448041
-0.001708
0.0
0.006761
0.25847
0.173046
-0.0002
-0.525366
0.0
-0.0
0.1
-0.005
-0.25847
-2.559999999999988
0.0002
-0.525366
0.0
0.0
0.1
-0.005
0.0
0.0
0.0
0.0
0.0
0.0
0.0
0.0
5e-08
0.0
1.02127
0.0
0.0
0.0
1.0
0.0
0.0
-0.411354
0.859395
-0.448041
-0.001708
0.0
0.0
-0.411354
0.859395
-0.448041
-0.001708
0.0
0.006761
0.25847
0.173046
-0.0002
-0.525366
0.0
-0.0
0.1
-0.005
-0.25847
-2.569999999999988
0.0002
-0.525366
0.0
0.0
0.1
-0.005
0.0
0.0
0.0
0.0
0.0
0.0
0.0
0.0
5e-08
0.0
1.02127
0.0
0.0
0.0
1.0
0.0
0.0
-0.411354
0.859395
-0.448041
-0.001708
0.0
0.0
-0.411354
0.859395
-0.448041
-0.001708
0.0
0.006761
0.25847
0.173046
-0.0002
-0.525366
0.0
-0.0
0.1
-0.005
-0.25847
-2.5799999999999876
0.0002
-0.525366
0.0
0.0
0.1
-0.005
0.0
0.0
0.0
0.0
0.0
0.0
0.0
0.0
5e-08
0.0
1.02127
0.0
0.0
0.0
1.0
0.0
0.0
-0.411354
0.859395
-0.448041
-0.001708
0.0
0.0
-0.411354
0.859395
-0.448041
-0.001708
0.0
0.006761
0.25847
0.173046
-0.0002
-0.525366
0.0
-0.0
0.1
-0.005
-0.25847
-2.5899999999999874
0.0002
-0.525366
0.0
0.0
0.1
-0.005
0.0
0.0
0.0
0.0
0.0
0.0
0.0
0.0
5e-08
0.0
1.02127
0.0
0.0
0.0
1.0
0.0
0.0
-0.411354
0.859395
-0.448041
-0.001708
0.0
0.0
-0.411354
0.859395
-0.448041
-0.001708
0.0
0.006761
0.25847
0.173046
-0.0002
-0.525366
0.0
-0.0
0.1
-0.005
-0.25847
-2.599999999999987
0.0002
-0.525366
0.0
0.0
0.1
-0.005
0.0
0.0
0.0
0.0
0.0
0.0
0.0
0.0
5e-08
0.0
1.02127
0.0
0.0
0.0
1.0
0.0
0.0
-0.411354
0.859395
-0.448041
-0.001708
0.0
0.0
-0.411354
0.859395
-0.448041
-0.001708
0.0
0.006761
0.25847
0.173046
-0.0002
-0.525366
0.0
-0.0
0.1
-0.005
-0.25847
-2.609999999999987
0.0002
-0.525366
0.0
0.0
0.1
-0.005
0.0
0.0
0.0
0.0
0.0
0.0
0.0
0.0
5e-08
0.0
1.02127
0.0
0.0
0.0
1.0
0.0
0.0
-0.411354
0.859395
-0.448041
-0.001708
0.0
0.0
-0.411354
0.859395
-0.448041
-0.001708
0.0
0.006761
0.25847
0.173046
-0.0002
-0.525366
0.0
-0.0
0.1
-0.005
-0.25847
-2.619999999999987
0.0002
-0.525366
0.0
0.0
0.1
-0.005
0.0
0.0
0.0
0.0
0.0
0.0
0.0
0.0
5e-08
0.0
1.02127
0.0
0.0
0.0
1.0
0.0
0.0
-0.411354
0.859395
-0.448041
-0.001708
0.0
0.0
-0.411354
0.859395
-0.448041
-0.001708
0.0
0.006761
0.25847
0.173046
-0.0002
-0.525366
0.0
-0.0
0.1
-0.005
-0.25847
-2.6299999999999866
0.0002
-0.525366
0.0
0.0
0.1
-0.005
0.0
0.0
0.0
0.0
0.0
0.0
0.0
0.0
5e-08
0.0
1.02127
0.0
0.0
0.0
1.0
0.0
0.0
-0.411354
0.859395
-0.448041
-0.001708
0.0
0.0
-0.411354
0.859395
-0.448041
-0.001708
0.0
0.006761
0.25847
0.173046
-0.0002
-0.525366
0.0
-0.0
0.1
-0.005
-0.25847
-2.6399999999999864
0.0002
-0.525366
0.0
0.0
0.1
-0.005
0.0
0.0
0.0
0.0
0.0
0.0
0.0
0.0
5e-08
0.0
1.02127
0.0
0.0
0.0
1.0
0.0
0.0
-0.411354
0.859395
-0.448041
-0.001708
0.0
0.0
-0.411354
0.859395
-0.448041
-0.001708
0.0
0.006761
0.25847
0.173046
-0.0002
-0.525366
0.0
-0.0
0.1
-0.005
-0.25847
-2.649999999999986
0.0002
-0.525366
0.0
0.0
0.1
-0.005
0.0
0.0
0.0
0.0
0.0
0.0
0.0
0.0
5e-08
0.0
1.02127
0.0
0.0
0.0
1.0
0.0
0.0
-0.411354
0.859395
-0.448041
-0.001708
0.0
0.0
-0.411354
0.859395
-0.448041
-0.001708
0.0
0.006761
0.25847
0.173046
-0.0002
-0.525366
0.0
-0.0
0.1
-0.005
-0.25847
-2.659999999999986
0.0002
-0.525366
0.0
0.0
0.1
-0.005
0.0
0.0
0.0
0.0
0.0
0.0
0.0
0.0
5e-08
0.0
1.02127
0.0
0.0
0.0
1.0
0.0
0.0
-0.411354
0.859395
-0.448041
-0.001708
0.0
0.0
-0.411354
0.859395
-0.448041
-0.001708
0.0
0.006761
0.25847
0.173046
-0.0002
-0.525366
0.0
-0.0
0.1
-0.005
-0.25847
-2.6699999999999857
0.0002
-0.525366
0.0
0.0
0.1
-0.005
0.0
0.0
0.0
0.0
0.0
0.0
0.0
0.0
5e-08
0.0
1.02127
0.0
0.0
0.0
1.0
0.0
0.0
-0.411354
0.859395
-0.448041
-0.001708
0.0
0.0
-0.411354
0.859395
-0.448041
-0.001708
0.0
0.006761
0.25847
0.173046
-0.0002
-0.525366
0.0
-0.0
0.1
-0.005
-0.25847
-2.6799999999999855
0.0002
-0.525366
0.0
0.0
0.1
-0.005
0.0
0.0
0.0
0.0
0.0
0.0
0.0
0.0
5e-08
0.0
1.02127
0.0
0.0
0.0
1.0
0.0
0.0
-0.411354
0.859395
-0.448041
-0.001708
0.0
0.0
-0.411354
0.859395
-0.448041
-0.001708
0.0
0.006761
0.25847
0.173046
-0.0002
-0.525366
0.0
-0.0
0.1
-0.005
-0.25847
-2.6899999999999853
0.0002
-0.525366
0.0
0.0
0.1
-0.005
0.0
0.0
0.0
0.0
0.0
0.0
0.0
0.0
5e-08
0.0
1.02127
0.0
0.0
0.0
1.0
0.0
0.0
-0.411354
0.859395
-0.448041
-0.001708
0.0
0.0
-0.411354
0.859395
-0.448041
-0.001708
0.0
0.006761
0.25847
0.173046
-0.0002
-0.525366
0.0
-0.0
0.1
-0.005
-0.25847
-2.699999999999985
0.0002
-0.525366
0.0
0.0
0.1
-0.005
0.0
0.0
0.0
0.0
0.0
0.0
0.0
0.0
5e-08
0.0
1.02127
0.0
0.0
0.0
1.0
0.0
0.0
-0.411354
0.859395
-0.448041
-0.001708
0.0
0.0
-0.411354
0.859395
-0.448041
-0.001708
0.0
0.006761
0.25847
0.173046
-0.0002
-0.525366
0.0
-0.0
0.1
-0.005
-0.25847
-2.709999999999985
0.0002
-0.525366
0.0
0.0
0.1
-0.005
0.0
0.0
0.0
0.0
0.0
0.0
0.0
0.0
5e-08
0.0
1.02127
0.0
0.0
0.0
1.0
0.0
0.0
-0.411354
0.859395
-0.448041
-0.001708
0.0
0.0
-0.411354
0.859395
-0.448041
-0.001708
0.0
0.006761
0.25847
0.173046
-0.0002
-0.525366
0.0
-0.0
0.1
-0.005
-0.25847
-2.7199999999999847
0.0002
-0.525366
0.0
0.0
0.1
-0.005
0.0
0.0
0.0
0.0
0.0
0.0
0.0
0.0
5e-08
0.0
1.02127
0.0
0.0
0.0
1.0
0.0
0.0
-0.411354
0.859395
-0.448041
-0.001708
0.0
0.0
-0.411354
0.859395
-0.448041
-0.001708
0.0
0.006761
0.25847
0.173046
-0.0002
-0.525366
0.0
-0.0
0.1
-0.005
-0.25847
-2.7299999999999844
0.0002
-0.525366
0.0
0.0
0.1
-0.005
0.0
0.0
0.0
0.0
0.0
0.0
0.0
0.0
5e-08
0.0
1.02127
0.0
0.0
0.0
1.0
0.0
0.0
-0.411354
0.859395
-0.448041
-0.001708
0.0
0.0
-0.411354
0.859395
-0.448041
-0.001708
0.0
0.006761
0.25847
0.173046
-0.0002
-0.525366
0.0
-0.0
0.1
-0.005
-0.25847
-2.7399999999999842
0.0002
-0.525366
0.0
0.0
0.1
-0.005
0.0
0.0
0.0
0.0
0.0
0.0
0.0
0.0
5e-08
0.0
1.02127
0.0
0.0
0.0
1.0
0.0
0.0
-0.411354
0.859395
-0.448041
-0.001708
0.0
0.0
-0.411354
0.859395
-0.448041
-0.001708
0.0
0.006761
0.25847
0.173046
-0.0002
-0.525366
0.0
-0.0
0.1
-0.005
-0.25847
-2.749999999999984
0.0002
-0.525366
0.0
0.0
0.1
-0.005
0.0
0.0
0.0
0.0
0.0
0.0
0.0
0.0
5e-08
0.0
1.02127
0.0
0.0
0.0
1.0
0.0
0.0
-0.411354
0.859395
-0.448041
-0.001708
0.0
0.0
-0.411354
0.859395
-0.448041
-0.001708
0.0
0.006761
0.25847
0.173046
-0.0002
-0.525366
0.0
-0.0
0.1
-0.005
-0.25847
-2.759999999999984
0.0002
-0.525366
0.0
0.0
0.1
-0.005
0.0
0.0
0.0
0.0
0.0
0.0
0.0
0.0
5e-08
0.0
1.02127
0.0
0.0
0.0
1.0
0.0
0.0
-0.411354
0.859395
-0.448041
-0.001708
0.0
0.0
-0.411354
0.859395
-0.448041
-0.001708
0.0
0.006761
0.25847
0.173046
-0.0002
-0.525366
0.0
-0.0
0.1
-0.005
-0.25847
-2.7699999999999836
0.0002
-0.525366
0.0
0.0
0.1
-0.005
0.0
0.0
0.0
0.0
0.0
0.0
0.0
0.0
5e-08
0.0
1.02127
0.0
0.0
0.0
1.0
0.0
0.0
-0.411354
0.859395
-0.448041
-0.001708
0.0
0.0
-0.411354
0.859395
-0.448041
-0.001708
0.0
0.006761
0.25847
0.173046
-0.0002
-0.525366
0.0
-0.0
0.1
-0.005
-0.25847
-2.7799999999999834
0.0002
-0.525366
0.0
0.0
0.1
-0.005
0.0
0.0
0.0
0.0
0.0
0.0
0.0
0.0
5e-08
0.0
1.02127
0.0
0.0
0.0
1.0
0.0
0.0
-0.411354
0.859395
-0.448041
-0.001708
0.0
0.0
-0.411354
0.859395
-0.448041
-0.001708
0.0
0.006761
0.25847
0.173046
-0.0002
-0.525366
0.0
-0.0
0.1
-0.005
-0.25847
-2.789999999999983
0.0002
-0.525366
0.0
0.0
0.1
-0.005
0.0
0.0
0.0
0.0
0.0
0.0
0.0
0.0
5e-08
0.0
1.02127
0.0
0.0
0.0
1.0
0.0
0.0
-0.411354
0.859395
-0.448041
-0.001708
0.0
0.0
-0.411354
0.859395
-0.448041
-0.001708
0.0
0.006761
0.25847
0.173046
-0.0002
-0.525366
0.0
-0.0
0.1
-0.005
-0.25847
-2.799999999999983
0.0002
-0.525366
0.0
0.0
0.1
-0.005
0.0
0.0
0.0
0.0
0.0
0.0
0.0
0.0
5e-08
0.0
1.02127
0.0
0.0
0.0
1.0
0.0
0.0
-0.411354
0.859395
-0.448041
-0.001708
0.0
0.0
-0.411354
0.859395
-0.448041
-0.001708
0.0
0.006761
0.25847
0.173046
-0.0002
-0.525366
0.0
-0.0
0.1
-0.005
-0.25847
-2.8099999999999827
0.0002
-0.525366
0.0
0.0
0.1
-0.005
0.0
0.0
0.0
0.0
0.0
0.0
0.0
0.0
5e-08
0.0
1.02127
0.0
0.0
0.0
1.0
0.0
0.0
-0.411354
0.859395
-0.448041
-0.001708
0.0
0.0
-0.411354
0.859395
-0.448041
-0.001708
0.0
0.006761
0.25847
0.173046
-0.0002
-0.525366
0.0
-0.0
0.1
-0.005
-0.25847
-2.8199999999999825
0.0002
-0.525366
0.0
0.0
0.1
-0.005
0.0
0.0
0.0
0.0
0.0
0.0
0.0
0.0
5e-08
0.0
1.02127
0.0
0.0
0.0
1.0
0.0
0.0
-0.411354
0.859395
-0.448041
-0.001708
0.0
0.0
-0.411354
0.859395
-0.448041
-0.001708
0.0
0.006761
0.25847
0.173046
-0.0002
-0.525366
0.0
-0.0
0.1
-0.005
-0.25847
-2.8299999999999823
0.0002
-0.525366
0.0
0.0
0.1
-0.005
0.0
0.0
0.0
0.0
0.0
0.0
0.0
0.0
5e-08
0.0
1.02127
0.0
0.0
0.0
1.0
0.0
0.0
-0.411354
0.859395
-0.448041
-0.001708
0.0
0.0
-0.411354
0.859395
-0.448041
-0.001708
0.0
0.006761
0.25847
0.173046
-0.0002
-0.525366
0.0
-0.0
0.1
-0.005
-0.25847
-2.839999999999982
0.0002
-0.525366
0.0
0.0
0.1
-0.005
0.0
0.0
0.0
0.0
0.0
0.0
0.0
0.0
5e-08
0.0
1.02127
0.0
0.0
0.0
1.0
0.0
0.0
-0.411354
0.859395
-0.448041
-0.001708
0.0
0.0
-0.411354
0.859395
-0.448041
-0.001708
0.0
0.006761
0.25847
0.173046
-0.0002
-0.525366
0.0
-0.0
0.1
-0.005
-0.25847
-2.849999999999982
0.0002
-0.525366
0.0
0.0
0.1
-0.005
0.0
0.0
0.0
0.0
0.0
0.0
0.0
0.0
5e-08
0.0
1.02127
0.0
0.0
0.0
1.0
0.0
0.0
-0.411354
0.859395
-0.448041
-0.001708
0.0
0.0
-0.411354
0.859395
-0.448041
-0.001708
0.0
0.006761
0.25847
0.173046
-0.0002
-0.525366
0.0
-0.0
0.1
-0.005
-0.25847
-2.8599999999999817
0.0002
-0.525366
0.0
0.0
0.1
-0.005
0.0
0.0
0.0
0.0
0.0
0.0
0.0
0.0
5e-08
0.0
1.02127
0.0
0.0
0.0
1.0
0.0
0.0
-0.411354
0.859395
-0.448041
-0.001708
0.0
0.0
-0.411354
0.859395
-0.448041
-0.001708
0.0
0.006761
0.25847
0.173046
-0.0002
-0.525366
0.0
-0.0
0.1
-0.005
-0.25847
-2.8699999999999815
0.0002
-0.525366
0.0
0.0
0.1
-0.005
0.0
0.0
0.0
0.0
0.0
0.0
0.0
0.0
5e-08
0.0
1.02127
0.0
0.0
0.0
1.0
0.0
0.0
-0.411354
0.859395
-0.448041
-0.001708
0.0
0.0
-0.411354
0.859395
-0.448041
-0.001708
0.0
0.006761
0.25847
0.173046
-0.0002
-0.525366
0.0
-0.0
0.1
-0.005
-0.25847
-2.8799999999999812
0.0002
-0.525366
0.0
0.0
0.1
-0.005
0.0
0.0
0.0
0.0
0.0
0.0
0.0
0.0
5e-08
0.0
1.02127
0.0
0.0
0.0
1.0
0.0
0.0
-0.411354
0.859395
-0.448041
-0.001708
0.0
0.0
-0.411354
0.859395
-0.448041
-0.001708
0.0
0.006761
0.25847
0.173046
-0.0002
-0.525366
0.0
-0.0
0.1
-0.005
-0.25847
-2.889999999999981
0.0002
-0.525366
0.0
0.0
0.1
-0.005
0.0
0.0
0.0
0.0
0.0
0.0
0.0
0.0
5e-08
0.0
1.02127
0.0
0.0
0.0
1.0
0.0
0.0
-0.411354
0.859395
-0.448041
-0.001708
0.0
0.0
-0.411354
0.859395
-0.448041
-0.001708
0.0
0.006761
0.25847
0.173046
-0.0002
-0.525366
0.0
-0.0
0.1
-0.005
-0.25847
-2.899999999999981
0.0002
-0.525366
0.0
0.0
0.1
-0.005
0.0
0.0
0.0
0.0
0.0
0.0
0.0
0.0
5e-08
0.0
1.02127
0.0
0.0
0.0
1.0
0.0
0.0
-0.411354
0.859395
-0.448041
-0.001708
0.0
0.0
-0.411354
0.859395
-0.448041
-0.001708
0.0
0.006761
0.25847
0.173046
-0.0002
-0.525366
0.0
-0.0
0.1
-0.005
-0.25847
-2.9099999999999806
0.0002
-0.525366
0.0
0.0
0.1
-0.005
0.0
0.0
0.0
0.0
0.0
0.0
0.0
0.0
5e-08
0.0
1.02127
0.0
0.0
0.0
1.0
0.0
0.0
-0.411354
0.859395
-0.448041
-0.001708
0.0
0.0
-0.411354
0.859395
-0.448041
-0.001708
0.0
0.006761
0.25847
0.173046
-0.0002
-0.525366
0.0
-0.0
0.1
-0.005
-0.25847
-2.9199999999999804
0.0002
-0.525366
0.0
0.0
0.1
-0.005
0.0
0.0
0.0
0.0
0.0
0.0
0.0
0.0
5e-08
0.0
1.02127
0.0
0.0
0.0
1.0
0.0
0.0
-0.411354
0.859395
-0.448041
-0.001708
0.0
0.0
-0.411354
0.859395
-0.448041
-0.001708
0.0
0.006761
0.25847
0.173046
-0.0002
-0.525366
0.0
-0.0
0.1
-0.005
-0.25847
-2.92999999999998
0.0002
-0.525366
0.0
0.0
0.1
-0.005
0.0
0.0
0.0
0.0
0.0
0.0
0.0
0.0
5e-08
0.0
1.02127
0.0
0.0
0.0
1.0
0.0
0.0
-0.411354
0.859395
-0.448041
-0.001708
0.0
0.0
-0.411354
0.859395
-0.448041
-0.001708
0.0
0.006761
0.25847
0.173046
-0.0002
-0.525366
0.0
-0.0
0.1
-0.005
-0.25847
-2.93999999999998
0.0002
-0.525366
0.0
0.0
0.1
-0.005
0.0
0.0
0.0
0.0
0.0
0.0
0.0
0.0
5e-08
0.0
1.02127
0.0
0.0
0.0
1.0
0.0
0.0
-0.411354
0.859395
-0.448041
-0.001708
0.0
0.0
-0.411354
0.859395
-0.448041
-0.001708
0.0
0.006761
0.25847
0.173046
-0.0002
-0.525366
0.0
-0.0
0.1
-0.005
-0.25847
-2.9499999999999797
0.0002
-0.525366
0.0
0.0
0.1
-0.005
0.0
0.0
0.0
0.0
0.0
0.0
0.0
0.0
5e-08
0.0
1.02127
0.0
0.0
0.0
1.0
0.0
0.0
-0.411354
0.859395
-0.448041
-0.001708
0.0
0.0
-0.411354
0.859395
-0.448041
-0.001708
0.0
0.006761
0.25847
0.173046
-0.0002
-0.525366
0.0
-0.0
0.1
-0.005
-0.25847
-2.9599999999999795
0.0002
-0.525366
0.0
0.0
0.1
-0.005
0.0
0.0
0.0
0.0
0.0
0.0
0.0
0.0
5e-08
0.0
1.02127
0.0
0.0
0.0
1.0
0.0
0.0
-0.411354
0.859395
-0.448041
-0.001708
0.0
0.0
-0.411354
0.859395
-0.448041
-0.001708
0.0
0.006761
0.25847
0.173046
-0.0002
-0.525366
0.0
-0.0
0.1
-0.005
-0.25847
-2.9699999999999793
0.0002
-0.525366
0.0
0.0
0.1
-0.005
0.0
0.0
0.0
0.0
0.0
0.0
0.0
0.0
5e-08
0.0
1.02127
0.0
0.0
0.0
1.0
0.0
0.0
-0.411354
0.859395
-0.448041
-0.001708
0.0
0.0
-0.411354
0.859395
-0.448041
-0.001708
0.0
0.006761
0.25847
0.173046
-0.0002
-0.525366
0.0
-0.0
0.1
-0.005
-0.25847
-2.979999999999979
0.0002
-0.525366
0.0
0.0
0.1
-0.005
0.0
0.0
0.0
0.0
0.0
0.0
0.0
0.0
5e-08
0.0
1.02127
0.0
0.0
0.0
1.0
0.0
0.0
-0.411354
0.859395
-0.448041
-0.001708
0.0
0.0
-0.411354
0.859395
-0.448041
-0.001708
0.0
0.006761
0.25847
0.173046
-0.0002
-0.525366
0.0
-0.0
0.1
-0.005
-0.25847
-2.989999999999979
0.0002
-0.525366
0.0
0.0
0.1
-0.005
0.0
0.0
0.0
0.0
0.0
0.0
0.0
0.0
5e-08
0.0
1.02127
0.0
0.0
0.0
1.0
0.0
0.0
-0.411354
0.859395
-0.448041
-0.001708
0.0
0.0
-0.411354
0.859395
-0.448041
-0.001708
0.0
0.006761
0.25847
0.173046
-0.0002
-0.525366
0.0
-0.0
0.1
-0.005
-0.25847
-3.0
0.0002
-0.525366
0.0
0.0
0.1
-0.005
0.0
0.0
0.0
0.0
0.0
0.0
0.0
0.0
5e-08
0.0
1.02127
0.0
0.0
0.0
1.0
0.0
0.0
-0.411354
0.859395
-0.448041
-0.001708
0.0
0.0
-0.411354
0.859395
-0.448041
-0.001708
0.0
0.006761
0.25847
0.173046
-0.0002
-0.525366
0.0
-0.0
0.1
-0.005
-0.25847
-2.99
0.0002
-0.525366
0.0
0.0
0.1
-0.005
0.0
0.0
0.0
0.0
0.0
0.0
0.0
0.0
5e-08
0.0
1.02127
0.0
0.0
0.0
1.0
0.0
0.0
-0.411354
0.859395
-0.448041
-0.001708
0.0
0.0
-0.411354
0.859395
-0.448041
-0.001708
0.0
0.006761
0.25847
0.173046
-0.0002
-0.525366
0.0
-0.0
0.1
-0.005
-0.25847
-2.9800000000000004
0.0002
-0.525366
0.0
0.0
0.1
-0.005
0.0
0.0
0.0
0.0
0.0
0.0
0.0
0.0
5e-08
0.0
1.02127
0.0
0.0
0.0
1.0
0.0
0.0
-0.411354
0.859395
-0.448041
-0.001708
0.0
0.0
-0.411354
0.859395
-0.448041
-0.001708
0.0
0.006761
0.25847
0.173046
-0.0002
-0.525366
0.0
-0.0
0.1
-0.005
-0.25847
-2.9700000000000006
0.0002
-0.525366
0.0
0.0
0.1
-0.005
0.0
0.0
0.0
0.0
0.0
0.0
0.0
0.0
5e-08
0.0
1.02127
0.0
0.0
0.0
1.0
0.0
0.0
-0.411354
0.859395
-0.448041
-0.001708
0.0
0.0
-0.411354
0.859395
-0.448041
-0.001708
0.0
0.006761
0.25847
0.173046
-0.0002
-0.525366
0.0
-0.0
0.1
-0.005
-0.25847
-2.960000000000001
0.0002
-0.525366
0.0
0.0
0.1
-0.005
0.0
0.0
0.0
0.0
0.0
0.0
0.0
0.0
5e-08
0.0
1.02127
0.0
0.0
0.0
1.0
0.0
0.0
-0.411354
0.859395
-0.448041
-0.001708
0.0
0.0
-0.411354
0.859395
-0.448041
-0.001708
0.0
0.006761
0.25847
0.173046
-0.0002
-0.525366
0.0
-0.0
0.1
-0.005
-0.25847
-2.950000000000001
0.0002
-0.525366
0.0
0.0
0.1
-0.005
0.0
0.0
0.0
0.0
0.0
0.0
0.0
0.0
5e-08
0.0
1.02127
0.0
0.0
0.0
1.0
0.0
0.0
-0.411354
0.859395
-0.448041
-0.001708
0.0
0.0
-0.411354
0.859395
-0.448041
-0.001708
0.0
0.006761
0.25847
0.173046
-0.0002
-0.525366
0.0
-0.0
0.1
-0.005
-0.25847
-2.9400000000000013
0.0002
-0.525366
0.0
0.0
0.1
-0.005
0.0
0.0
0.0
0.0
0.0
0.0
0.0
0.0
5e-08
0.0
1.02127
0.0
0.0
0.0
1.0
0.0
0.0
-0.411354
0.859395
-0.448041
-0.001708
0.0
0.0
-0.411354
0.859395
-0.448041
-0.001708
0.0
0.006761
0.25847
0.173046
-0.0002
-0.525366
0.0
-0.0
0.1
-0.005
-0.25847
-2.9300000000000015
0.0002
-0.525366
0.0
0.0
0.1
-0.005
0.0
0.0
0.0
0.0
0.0
0.0
0.0
0.0
5e-08
0.0
1.02127
0.0
0.0
0.0
1.0
0.0
0.0
-0.411354
0.859395
-0.448041
-0.001708
0.0
0.0
-0.411354
0.859395
-0.448041
-0.001708
0.0
0.006761
0.25847
0.173046
-0.0002
-0.525366
0.0
-0.0
0.1
-0.005
-0.25847
-2.9200000000000017
0.0002
-0.525366
0.0
0.0
0.1
-0.005
0.0
0.0
0.0
0.0
0.0
0.0
0.0
0.0
5e-08
0.0
1.02127
0.0
0.0
0.0
1.0
0.0
0.0
-0.411354
0.859395
-0.448041
-0.001708
0.0
0.0
-0.411354
0.859395
-0.448041
-0.001708
0.0
0.006761
0.25847
0.173046
-0.0002
-0.525366
0.0
-0.0
0.1
-0.005
-0.25847
-2.910000000000002
0.0002
-0.525366
0.0
0.0
0.1
-0.005
0.0
0.0
0.0
0.0
0.0
0.0
0.0
0.0
5e-08
0.0
1.02127
0.0
0.0
0.0
1.0
0.0
0.0
-0.411354
0.859395
-0.448041
-0.001708
0.0
0.0
-0.411354
0.859395
-0.448041
-0.001708
0.0
0.006761
0.25847
0.173046
-0.0002
-0.525366
0.0
-0.0
0.1
-0.005
-0.25847
-2.900000000000002
0.0002
-0.525366
0.0
0.0
0.1
-0.005
0.0
0.0
0.0
0.0
0.0
0.0
0.0
0.0
5e-08
0.0
1.02127
0.0
0.0
0.0
1.0
0.0
0.0
-0.411354
0.859395
-0.448041
-0.001708
0.0
0.0
-0.411354
0.859395
-0.448041
-0.001708
0.0
0.006761
0.25847
0.173046
-0.0002
-0.525366
0.0
-0.0
0.1
-0.005
-0.25847
-2.8900000000000023
0.0002
-0.525366
0.0
0.0
0.1
-0.005
0.0
0.0
0.0
0.0
0.0
0.0
0.0
0.0
5e-08
0.0
1.02127
0.0
0.0
0.0
1.0
0.0
0.0
-0.411354
0.859395
-0.448041
-0.001708
0.0
0.0
-0.411354
0.859395
-0.448041
-0.001708
0.0
0.006761
0.25847
0.173046
-0.0002
-0.525366
0.0
-0.0
0.1
-0.005
-0.25847
-2.8800000000000026
0.0002
-0.525366
0.0
0.0
0.1
-0.005
0.0
0.0
0.0
0.0
0.0
0.0
0.0
0.0
5e-08
0.0
1.02127
0.0
0.0
0.0
1.0
0.0
0.0
-0.411354
0.859395
-0.448041
-0.001708
0.0
0.0
-0.411354
0.859395
-0.448041
-0.001708
0.0
0.006761
0.25847
0.173046
-0.0002
-0.525366
0.0
-0.0
0.1
-0.005
-0.25847
-2.8700000000000028
0.0002
-0.525366
0.0
0.0
0.1
-0.005
0.0
0.0
0.0
0.0
0.0
0.0
0.0
0.0
5e-08
0.0
1.02127
0.0
0.0
0.0
1.0
0.0
0.0
-0.411354
0.859395
-0.448041
-0.001708
0.0
0.0
-0.411354
0.859395
-0.448041
-0.001708
0.0
0.006761
0.25847
0.173046
-0.0002
-0.525366
0.0
-0.0
0.1
-0.005
-0.25847
-2.860000000000003
0.0002
-0.525366
0.0
0.0
0.1
-0.005
0.0
0.0
0.0
0.0
0.0
0.0
0.0
0.0
5e-08
0.0
1.02127
0.0
0.0
0.0
1.0
0.0
0.0
-0.411354
0.859395
-0.448041
-0.001708
0.0
0.0
-0.411354
0.859395
-0.448041
-0.001708
0.0
0.006761
0.25847
0.173046
-0.0002
-0.525366
0.0
-0.0
0.1
-0.005
-0.25847
-2.850000000000003
0.0002
-0.525366
0.0
0.0
0.1
-0.005
0.0
0.0
0.0
0.0
0.0
0.0
0.0
0.0
5e-08
0.0
1.02127
0.0
0.0
0.0
1.0
0.0
0.0
-0.411354
0.859395
-0.448041
-0.001708
0.0
0.0
-0.411354
0.859395
-0.448041
-0.001708
0.0
0.006761
0.25847
0.173046
-0.0002
-0.525366
0.0
-0.0
0.1
-0.005
-0.25847
-2.8400000000000034
0.0002
-0.525366
0.0
0.0
0.1
-0.005
0.0
0.0
0.0
0.0
0.0
0.0
0.0
0.0
5e-08
0.0
1.02127
0.0
0.0
0.0
1.0
0.0
0.0
-0.411354
0.859395
-0.448041
-0.001708
0.0
0.0
-0.411354
0.859395
-0.448041
-0.001708
0.0
0.006761
0.25847
0.173046
-0.0002
-0.525366
0.0
-0.0
0.1
-0.005
-0.25847
-2.8300000000000036
0.0002
-0.525366
0.0
0.0
0.1
-0.005
0.0
0.0
0.0
0.0
0.0
0.0
0.0
0.0
5e-08
0.0
1.02127
0.0
0.0
0.0
1.0
0.0
0.0
-0.411354
0.859395
-0.448041
-0.001708
0.0
0.0
-0.411354
0.859395
-0.448041
-0.001708
0.0
0.006761
0.25847
0.173046
-0.0002
-0.525366
0.0
-0.0
0.1
-0.005
-0.25847
-2.820000000000004
0.0002
-0.525366
0.0
0.0
0.1
-0.005
0.0
0.0
0.0
0.0
0.0
0.0
0.0
0.0
5e-08
0.0
1.02127
0.0
0.0
0.0
1.0
0.0
0.0
-0.411354
0.859395
-0.448041
-0.001708
0.0
0.0
-0.411354
0.859395
-0.448041
-0.001708
0.0
0.006761
0.25847
0.173046
-0.0002
-0.525366
0.0
-0.0
0.1
-0.005
-0.25847
-2.810000000000004
0.0002
-0.525366
0.0
0.0
0.1
-0.005
0.0
0.0
0.0
0.0
0.0
0.0
0.0
0.0
5e-08
0.0
1.02127
0.0
0.0
0.0
1.0
0.0
0.0
-0.411354
0.859395
-0.448041
-0.001708
0.0
0.0
-0.411354
0.859395
-0.448041
-0.001708
0.0
0.006761
0.25847
0.173046
-0.0002
-0.525366
0.0
-0.0
0.1
-0.005
-0.25847
-2.8000000000000043
0.0002
-0.525366
0.0
0.0
0.1
-0.005
0.0
0.0
0.0
0.0
0.0
0.0
0.0
0.0
5e-08
0.0
1.02127
0.0
0.0
0.0
1.0
0.0
0.0
-0.411354
0.859395
-0.448041
-0.001708
0.0
0.0
-0.411354
0.859395
-0.448041
-0.001708
0.0
0.006761
0.25847
0.173046
-0.0002
-0.525366
0.0
-0.0
0.1
-0.005
-0.25847
-2.7900000000000045
0.0002
-0.525366
0.0
0.0
0.1
-0.005
0.0
0.0
0.0
0.0
0.0
0.0
0.0
0.0
5e-08
0.0
1.02127
0.0
0.0
0.0
1.0
0.0
0.0
-0.411354
0.859395
-0.448041
-0.001708
0.0
0.0
-0.411354
0.859395
-0.448041
-0.001708
0.0
0.006761
0.25847
0.173046
-0.0002
-0.525366
0.0
-0.0
0.1
-0.005
-0.25847
-2.7800000000000047
0.0002
-0.525366
0.0
0.0
0.1
-0.005
0.0
0.0
0.0
0.0
0.0
0.0
0.0
0.0
5e-08
0.0
1.02127
0.0
0.0
0.0
1.0
0.0
0.0
-0.411354
0.859395
-0.448041
-0.001708
0.0
0.0
-0.411354
0.859395
-0.448041
-0.001708
0.0
0.006761
0.25847
0.173046
-0.0002
-0.525366
0.0
-0.0
0.1
-0.005
-0.25847
-2.770000000000005
0.0002
-0.525366
0.0
0.0
0.1
-0.005
0.0
0.0
0.0
0.0
0.0
0.0
0.0
0.0
5e-08
0.0
1.02127
0.0
0.0
0.0
1.0
0.0
0.0
-0.411354
0.859395
-0.448041
-0.001708
0.0
0.0
-0.411354
0.859395
-0.448041
-0.001708
0.0
0.006761
0.25847
0.173046
-0.0002
-0.525366
0.0
-0.0
0.1
-0.005
-0.25847
-2.760000000000005
0.0002
-0.525366
0.0
0.0
0.1
-0.005
0.0
0.0
0.0
0.0
0.0
0.0
0.0
0.0
5e-08
0.0
1.02127
0.0
0.0
0.0
1.0
0.0
0.0
-0.411354
0.859395
-0.448041
-0.001708
0.0
0.0
-0.411354
0.859395
-0.448041
-0.001708
0.0
0.006761
0.25847
0.173046
-0.0002
-0.525366
0.0
-0.0
0.1
-0.005
-0.25847
-2.7500000000000053
0.0002
-0.525366
0.0
0.0
0.1
-0.005
0.0
0.0
0.0
0.0
0.0
0.0
0.0
0.0
5e-08
0.0
1.02127
0.0
0.0
0.0
1.0
0.0
0.0
-0.411354
0.859395
-0.448041
-0.001708
0.0
0.0
-0.411354
0.859395
-0.448041
-0.001708
0.0
0.006761
0.25847
0.173046
-0.0002
-0.525366
0.0
-0.0
0.1
-0.005
-0.25847
-2.7400000000000055
0.0002
-0.525366
0.0
0.0
0.1
-0.005
0.0
0.0
0.0
0.0
0.0
0.0
0.0
0.0
5e-08
0.0
1.02127
0.0
0.0
0.0
1.0
0.0
0.0
-0.411354
0.859395
-0.448041
-0.001708
0.0
0.0
-0.411354
0.859395
-0.448041
-0.001708
0.0
0.006761
0.25847
0.173046
-0.0002
-0.525366
0.0
-0.0
0.1
-0.005
-0.25847
-2.7300000000000058
0.0002
-0.525366
0.0
0.0
0.1
-0.005
0.0
0.0
0.0
0.0
0.0
0.0
0.0
0.0
5e-08
0.0
1.02127
0.0
0.0
0.0
1.0
0.0
0.0
-0.411354
0.859395
-0.448041
-0.001708
0.0
0.0
-0.411354
0.859395
-0.448041
-0.001708
0.0
0.006761
0.25847
0.173046
-0.0002
-0.525366
0.0
-0.0
0.1
-0.005
-0.25847
-2.720000000000006
0.0002
-0.525366
0.0
0.0
0.1
-0.005
0.0
0.0
0.0
0.0
0.0
0.0
0.0
0.0
5e-08
0.0
1.02127
0.0
0.0
0.0
1.0
0.0
0.0
-0.411354
0.859395
-0.448041
-0.001708
0.0
0.0
-0.411354
0.859395
-0.448041
-0.001708
0.0
0.006761
0.25847
0.173046
-0.0002
-0.525366
0.0
-0.0
0.1
-0.005
-0.25847
-2.710000000000006
0.0002
-0.525366
0.0
0.0
0.1
-0.005
0.0
0.0
0.0
0.0
0.0
0.0
0.0
0.0
5e-08
0.0
1.02127
0.0
0.0
0.0
1.0
0.0
0.0
-0.411354
0.859395
-0.448041
-0.001708
0.0
0.0
-0.411354
0.859395
-0.448041
-0.001708
0.0
0.006761
0.25847
0.173046
-0.0002
-0.525366
0.0
-0.0
0.1
-0.005
-0.25847
-2.7000000000000064
0.0002
-0.525366
0.0
0.0
0.1
-0.005
0.0
0.0
0.0
0.0
0.0
0.0
0.0
0.0
5e-08
0.0
1.02127
0.0
0.0
0.0
1.0
0.0
0.0
-0.411354
0.859395
-0.448041
-0.001708
0.0
0.0
-0.411354
0.859395
-0.448041
-0.001708
0.0
0.006761
0.25847
0.173046
-0.0002
-0.525366
0.0
-0.0
0.1
-0.005
-0.25847
-2.6900000000000066
0.0002
-0.525366
0.0
0.0
0.1
-0.005
0.0
0.0
0.0
0.0
0.0
0.0
0.0
0.0
5e-08
0.0
1.02127
0.0
0.0
0.0
1.0
0.0
0.0
-0.411354
0.859395
-0.448041
-0.001708
0.0
0.0
-0.411354
0.859395
-0.448041
-0.001708
0.0
0.006761
0.25847
0.173046
-0.0002
-0.525366
0.0
-0.0
0.1
-0.005
-0.25847
-2.680000000000007
0.0002
-0.525366
0.0
0.0
0.1
-0.005
0.0
0.0
0.0
0.0
0.0
0.0
0.0
0.0
5e-08
0.0
1.02127
0.0
0.0
0.0
1.0
0.0
0.0
-0.411354
0.859395
-0.448041
-0.001708
0.0
0.0
-0.411354
0.859395
-0.448041
-0.001708
0.0
0.006761
0.25847
0.173046
-0.0002
-0.525366
0.0
-0.0
0.1
-0.005
-0.25847
-2.670000000000007
0.0002
-0.525366
0.0
0.0
0.1
-0.005
0.0
0.0
0.0
0.0
0.0
0.0
0.0
0.0
5e-08
0.0
1.02127
0.0
0.0
0.0
1.0
0.0
0.0
-0.411354
0.859395
-0.448041
-0.001708
0.0
0.0
-0.411354
0.859395
-0.448041
-0.001708
0.0
0.006761
0.25847
0.173046
-0.0002
-0.525366
0.0
-0.0
0.1
-0.005
-0.25847
-2.6600000000000072
0.0002
-0.525366
0.0
0.0
0.1
-0.005
0.0
0.0
0.0
0.0
0.0
0.0
0.0
0.0
5e-08
0.0
1.02127
0.0
0.0
0.0
1.0
0.0
0.0
-0.411354
0.859395
-0.448041
-0.001708
0.0
0.0
-0.411354
0.859395
-0.448041
-0.001708
0.0
0.006761
0.25847
0.173046
-0.0002
-0.525366
0.0
-0.0
0.1
-0.005
-0.25847
-2.6500000000000075
0.0002
-0.525366
0.0
0.0
0.1
-0.005
0.0
0.0
0.0
0.0
0.0
0.0
0.0
0.0
5e-08
0.0
1.02127
0.0
0.0
0.0
1.0
0.0
0.0
-0.411354
0.859395
-0.448041
-0.001708
0.0
0.0
-0.411354
0.859395
-0.448041
-0.001708
0.0
0.006761
0.25847
0.173046
-0.0002
-0.525366
0.0
-0.0
0.1
-0.005
-0.25847
-2.6400000000000077
0.0002
-0.525366
0.0
0.0
0.1
-0.005
0.0
0.0
0.0
0.0
0.0
0.0
0.0
0.0
5e-08
0.0
1.02127
0.0
0.0
0.0
1.0
0.0
0.0
-0.411354
0.859395
-0.448041
-0.001708
0.0
0.0
-0.411354
0.859395
-0.448041
-0.001708
0.0
0.006761
0.25847
0.173046
-0.0002
-0.525366
0.0
-0.0
0.1
-0.005
-0.25847
-2.630000000000008
0.0002
-0.525366
0.0
0.0
0.1
-0.005
0.0
0.0
0.0
0.0
0.0
0.0
0.0
0.0
5e-08
0.0
1.02127
0.0
0.0
0.0
1.0
0.0
0.0
-0.411354
0.859395
-0.448041
-0.001708
0.0
0.0
-0.411354
0.859395
-0.448041
-0.001708
0.0
0.006761
0.25847
0.173046
-0.0002
-0.525366
0.0
-0.0
0.1
-0.005
-0.25847
-2.620000000000008
0.0002
-0.525366
0.0
0.0
0.1
-0.005
0.0
0.0
0.0
0.0
0.0
0.0
0.0
0.0
5e-08
0.0
1.02127
0.0
0.0
0.0
1.0
0.0
0.0
-0.411354
0.859395
-0.448041
-0.001708
0.0
0.0
-0.411354
0.859395
-0.448041
-0.001708
0.0
0.006761
0.25847
0.173046
-0.0002
-0.525366
0.0
-0.0
0.1
-0.005
-0.25847
-2.6100000000000083
0.0002
-0.525366
0.0
0.0
0.1
-0.005
0.0
0.0
0.0
0.0
0.0
0.0
0.0
0.0
5e-08
0.0
1.02127
0.0
0.0
0.0
1.0
0.0
0.0
-0.411354
0.859395
-0.448041
-0.001708
0.0
0.0
-0.411354
0.859395
-0.448041
-0.001708
0.0
0.006761
0.25847
0.173046
-0.0002
-0.525366
0.0
-0.0
0.1
-0.005
-0.25847
-2.6000000000000085
0.0002
-0.525366
0.0
0.0
0.1
-0.005
0.0
0.0
0.0
0.0
0.0
0.0
0.0
0.0
5e-08
0.0
1.02127
0.0
0.0
0.0
1.0
0.0
0.0
-0.411354
0.859395
-0.448041
-0.001708
0.0
0.0
-0.411354
0.859395
-0.448041
-0.001708
0.0
0.006761
0.25847
0.173046
-0.0002
-0.525366
0.0
-0.0
0.1
-0.005
-0.25847
-2.5900000000000087
0.0002
-0.525366
0.0
0.0
0.1
-0.005
0.0
0.0
0.0
0.0
0.0
0.0
0.0
0.0
5e-08
0.0
1.02127
0.0
0.0
0.0
1.0
0.0
0.0
-0.411354
0.859395
-0.448041
-0.001708
0.0
0.0
-0.411354
0.859395
-0.448041
-0.001708
0.0
0.006761
0.25847
0.173046
-0.0002
-0.525366
0.0
-0.0
0.1
-0.005
-0.25847
-2.580000000000009
0.0002
-0.525366
0.0
0.0
0.1
-0.005
0.0
0.0
0.0
0.0
0.0
0.0
0.0
0.0
5e-08
0.0
1.02127
0.0
0.0
0.0
1.0
0.0
0.0
-0.411354
0.859395
-0.448041
-0.001708
0.0
0.0
-0.411354
0.859395
-0.448041
-0.001708
0.0
0.006761
0.25847
0.173046
-0.0002
-0.525366
0.0
-0.0
0.1
-0.005
-0.25847
-2.570000000000009
0.0002
-0.525366
0.0
0.0
0.1
-0.005
0.0
0.0
0.0
0.0
0.0
0.0
0.0
0.0
5e-08
0.0
1.02127
0.0
0.0
0.0
1.0
0.0
0.0
-0.411354
0.859395
-0.448041
-0.001708
0.0
0.0
-0.411354
0.859395
-0.448041
-0.001708
0.0
0.006761
0.25847
0.173046
-0.0002
-0.525366
0.0
-0.0
0.1
-0.005
-0.25847
-2.5600000000000094
0.0002
-0.525366
0.0
0.0
0.1
-0.005
0.0
0.0
0.0
0.0
0.0
0.0
0.0
0.0
5e-08
0.0
1.02127
0.0
0.0
0.0
1.0
0.0
0.0
-0.411354
0.859395
-0.448041
-0.001708
0.0
0.0
-0.411354
0.859395
-0.448041
-0.001708
0.0
0.006761
0.25847
0.173046
-0.0002
-0.525366
0.0
-0.0
0.1
-0.005
-0.25847
-2.5500000000000096
0.0002
-0.525366
0.0
0.0
0.1
-0.005
0.0
0.0
0.0
0.0
0.0
0.0
0.0
0.0
5e-08
0.0
1.02127
0.0
0.0
0.0
1.0
0.0
0.0
-0.411354
0.859395
-0.448041
-0.001708
0.0
0.0
-0.411354
0.859395
-0.448041
-0.001708
0.0
0.006761
0.25847
0.173046
-0.0002
-0.525366
0.0
-0.0
0.1
-0.005
-0.25847
-2.54000000000001
0.0002
-0.525366
0.0
0.0
0.1
-0.005
0.0
0.0
0.0
0.0
0.0
0.0
0.0
0.0
5e-08
0.0
1.02127
0.0
0.0
0.0
1.0
0.0
0.0
-0.411354
0.859395
-0.448041
-0.001708
0.0
0.0
-0.411354
0.859395
-0.448041
-0.001708
0.0
0.006761
0.25847
0.173046
-0.0002
-0.525366
0.0
-0.0
0.1
-0.005
-0.25847
-2.53000000000001
0.0002
-0.525366
0.0
0.0
0.1
-0.005
0.0
0.0
0.0
0.0
0.0
0.0
0.0
0.0
5e-08
0.0
1.02127
0.0
0.0
0.0
1.0
0.0
0.0
-0.411354
0.859395
-0.448041
-0.001708
0.0
0.0
-0.411354
0.859395
-0.448041
-0.001708
0.0
0.006761
0.25847
0.173046
-0.0002
-0.525366
0.0
-0.0
0.1
-0.005
-0.25847
-2.5200000000000102
0.0002
-0.525366
0.0
0.0
0.1
-0.005
0.0
0.0
0.0
0.0
0.0
0.0
0.0
0.0
5e-08
0.0
1.02127
0.0
0.0
0.0
1.0
0.0
0.0
-0.411354
0.859395
-0.448041
-0.001708
0.0
0.0
-0.411354
0.859395
-0.448041
-0.001708
0.0
0.006761
0.25847
0.173046
-0.0002
-0.525366
0.0
-0.0
0.1
-0.005
-0.25847
-2.5100000000000104
0.0002
-0.525366
0.0
0.0
0.1
-0.005
0.0
0.0
0.0
0.0
0.0
0.0
0.0
0.0
5e-08
0.0
1.02127
0.0
0.0
0.0
1.0
0.0
0.0
-0.411354
0.859395
-0.448041
-0.001708
0.0
0.0
-0.411354
0.859395
-0.448041
-0.001708
0.0
0.006761
0.25847
0.173046
-0.0002
-0.525366
0.0
-0.0
0.1
-0.005
-0.25847
-2.5000000000000107
0.0002
-0.525366
0.0
0.0
0.1
-0.005
0.0
0.0
0.0
0.0
0.0
0.0
0.0
0.0
5e-08
0.0
1.02127
0.0
0.0
0.0
1.0
0.0
0.0
-0.411354
0.859395
-0.448041
-0.001708
0.0
0.0
-0.411354
0.859395
-0.448041
-0.001708
0.0
0.006761
0.25847
0.173046
-0.0002
-0.525366
0.0
-0.0
0.1
-0.005
-0.25847
-2.490000000000011
0.0002
-0.525366
0.0
0.0
0.1
-0.005
0.0
0.0
0.0
0.0
0.0
0.0
0.0
0.0
5e-08
0.0
1.02127
0.0
0.0
0.0
1.0
0.0
0.0
-0.411354
0.859395
-0.448041
-0.001708
0.0
0.0
-0.411354
0.859395
-0.448041
-0.001708
0.0
0.006761
0.25847
0.173046
-0.0002
-0.525366
0.0
-0.0
0.1
-0.005
-0.25847
-2.480000000000011
0.0002
-0.525366
0.0
0.0
0.1
-0.005
0.0
0.0
0.0
0.0
0.0
0.0
0.0
0.0
5e-08
0.0
1.02127
0.0
0.0
0.0
1.0
0.0
0.0
-0.411354
0.859395
-0.448041
-0.001708
0.0
0.0
-0.411354
0.859395
-0.448041
-0.001708
0.0
0.006761
0.25847
0.173046
-0.0002
-0.525366
0.0
-0.0
0.1
-0.005
-0.25847
-2.4700000000000113
0.0002
-0.525366
0.0
0.0
0.1
-0.005
0.0
0.0
0.0
0.0
0.0
0.0
0.0
0.0
5e-08
0.0
1.02127
0.0
0.0
0.0
1.0
0.0
0.0
-0.411354
0.859395
-0.448041
-0.001708
0.0
0.0
-0.411354
0.859395
-0.448041
-0.001708
0.0
0.006761
0.25847
0.173046
-0.0002
-0.525366
0.0
-0.0
0.1
-0.005
-0.25847
-2.4600000000000115
0.0002
-0.525366
0.0
0.0
0.1
-0.005
0.0
0.0
0.0
0.0
0.0
0.0
0.0
0.0
5e-08
0.0
1.02127
0.0
0.0
0.0
1.0
0.0
0.0
-0.411354
0.859395
-0.448041
-0.001708
0.0
0.0
-0.411354
0.859395
-0.448041
-0.001708
0.0
0.006761
0.25847
0.173046
-0.0002
-0.525366
0.0
-0.0
0.1
-0.005
-0.25847
-2.4500000000000117
0.0002
-0.525366
0.0
0.0
0.1
-0.005
0.0
0.0
0.0
0.0
0.0
0.0
0.0
0.0
5e-08
0.0
1.02127
0.0
0.0
0.0
1.0
0.0
0.0
-0.411354
0.859395
-0.448041
-0.001708
0.0
0.0
-0.411354
0.859395
-0.448041
-0.001708
0.0
0.006761
0.25847
0.173046
-0.0002
-0.525366
0.0
-0.0
0.1
-0.005
-0.25847
-2.440000000000012
0.0002
-0.525366
0.0
0.0
0.1
-0.005
0.0
0.0
0.0
0.0
0.0
0.0
0.0
0.0
5e-08
0.0
1.02127
0.0
0.0
0.0
1.0
0.0
0.0
-0.411354
0.859395
-0.448041
-0.001708
0.0
0.0
-0.411354
0.859395
-0.448041
-0.001708
0.0
0.006761
0.25847
0.173046
-0.0002
-0.525366
0.0
-0.0
0.1
-0.005
-0.25847
-2.430000000000012
0.0002
-0.525366
0.0
0.0
0.1
-0.005
0.0
0.0
0.0
0.0
0.0
0.0
0.0
0.0
5e-08
0.0
1.02127
0.0
0.0
0.0
1.0
0.0
0.0
-0.411354
0.859395
-0.448041
-0.001708
0.0
0.0
-0.411354
0.859395
-0.448041
-0.001708
0.0
0.006761
0.25847
0.173046
-0.0002
-0.525366
0.0
-0.0
0.1
-0.005
-0.25847
-2.4200000000000124
0.0002
-0.525366
0.0
0.0
0.1
-0.005
0.0
0.0
0.0
0.0
0.0
0.0
0.0
0.0
5e-08
0.0
1.02127
0.0
0.0
0.0
1.0
0.0
0.0
-0.411354
0.859395
-0.448041
-0.001708
0.0
0.0
-0.411354
0.859395
-0.448041
-0.001708
0.0
0.006761
0.25847
0.173046
-0.0002
-0.525366
0.0
-0.0
0.1
-0.005
-0.25847
-2.4100000000000126
0.0002
-0.525366
0.0
0.0
0.1
-0.005
0.0
0.0
0.0
0.0
0.0
0.0
0.0
0.0
5e-08
0.0
1.02127
0.0
0.0
0.0
1.0
0.0
0.0
-0.411354
0.859395
-0.448041
-0.001708
0.0
0.0
-0.411354
0.859395
-0.448041
-0.001708
0.0
0.006761
0.25847
0.173046
-0.0002
-0.525366
0.0
-0.0
0.1
-0.005
-0.25847
-2.400000000000013
0.0002
-0.525366
0.0
0.0
0.1
-0.005
0.0
0.0
0.0
0.0
0.0
0.0
0.0
0.0
5e-08
0.0
1.02127
0.0
0.0
0.0
1.0
0.0
0.0
-0.411354
0.859395
-0.448041
-0.001708
0.0
0.0
-0.411354
0.859395
-0.448041
-0.001708
0.0
0.006761
0.25847
0.173046
-0.0002
-0.525366
0.0
-0.0
0.1
-0.005
-0.25847
-2.390000000000013
0.0002
-0.525366
0.0
0.0
0.1
-0.005
0.0
0.0
0.0
0.0
0.0
0.0
0.0
0.0
5e-08
0.0
1.02127
0.0
0.0
0.0
1.0
0.0
0.0
-0.411354
0.859395
-0.448041
-0.001708
0.0
0.0
-0.411354
0.859395
-0.448041
-0.001708
0.0
0.006761
0.25847
0.173046
-0.0002
-0.525366
0.0
-0.0
0.1
-0.005
-0.25847
-2.380000000000013
0.0002
-0.525366
0.0
0.0
0.1
-0.005
0.0
0.0
0.0
0.0
0.0
0.0
0.0
0.0
5e-08
0.0
1.02127
0.0
0.0
0.0
1.0
0.0
0.0
-0.411354
0.859395
-0.448041
-0.001708
0.0
0.0
-0.411354
0.859395
-0.448041
-0.001708
0.0
0.006761
0.25847
0.173046
-0.0002
-0.525366
0.0
-0.0
0.1
-0.005
-0.25847
-2.3700000000000134
0.0002
-0.525366
0.0
0.0
0.1
-0.005
0.0
0.0
0.0
0.0
0.0
0.0
0.0
0.0
5e-08
0.0
1.02127
0.0
0.0
0.0
1.0
0.0
0.0
-0.411354
0.859395
-0.448041
-0.001708
0.0
0.0
-0.411354
0.859395
-0.448041
-0.001708
0.0
0.006761
0.25847
0.173046
-0.0002
-0.525366
0.0
-0.0
0.1
-0.005
-0.25847
-2.3600000000000136
0.0002
-0.525366
0.0
0.0
0.1
-0.005
0.0
0.0
0.0
0.0
0.0
0.0
0.0
0.0
5e-08
0.0
1.02127
0.0
0.0
0.0
1.0
0.0
0.0
-0.411354
0.859395
-0.448041
-0.001708
0.0
0.0
-0.411354
0.859395
-0.448041
-0.001708
0.0
0.006761
0.25847
0.173046
-0.0002
-0.525366
0.0
-0.0
0.1
-0.005
-0.25847
-2.350000000000014
0.0002
-0.525366
0.0
0.0
0.1
-0.005
0.0
0.0
0.0
0.0
0.0
0.0
0.0
0.0
5e-08
0.0
1.02127
0.0
0.0
0.0
1.0
0.0
0.0
-0.411354
0.859395
-0.448041
-0.001708
0.0
0.0
-0.411354
0.859395
-0.448041
-0.001708
0.0
0.006761
0.25847
0.173046
-0.0002
-0.525366
0.0
-0.0
0.1
-0.005
-0.25847
-2.340000000000014
0.0002
-0.525366
0.0
0.0
0.1
-0.005
0.0
0.0
0.0
0.0
0.0
0.0
0.0
0.0
5e-08
0.0
1.02127
0.0
0.0
0.0
1.0
0.0
0.0
-0.411354
0.859395
-0.448041
-0.001708
0.0
0.0
-0.411354
0.859395
-0.448041
-0.001708
0.0
0.006761
0.25847
0.173046
-0.0002
-0.525366
0.0
-0.0
0.1
-0.005
-0.25847
-2.3300000000000143
0.0002
-0.525366
0.0
0.0
0.1
-0.005
0.0
0.0
0.0
0.0
0.0
0.0
0.0
0.0
5e-08
0.0
1.02127
0.0
0.0
0.0
1.0
0.0
0.0
-0.411354
0.859395
-0.448041
-0.001708
0.0
0.0
-0.411354
0.859395
-0.448041
-0.001708
0.0
0.006761
0.25847
0.173046
-0.0002
-0.525366
0.0
-0.0
0.1
-0.005
-0.25847
-2.3200000000000145
0.0002
-0.525366
0.0
0.0
0.1
-0.005
0.0
0.0
0.0
0.0
0.0
0.0
0.0
0.0
5e-08
0.0
1.02127
0.0
0.0
0.0
1.0
0.0
0.0
-0.411354
0.859395
-0.448041
-0.001708
0.0
0.0
-0.411354
0.859395
-0.448041
-0.001708
0.0
0.006761
0.25847
0.173046
-0.0002
-0.525366
0.0
-0.0
0.1
-0.005
-0.25847
-2.3100000000000147
0.0002
-0.525366
0.0
0.0
0.1
-0.005
0.0
0.0
0.0
0.0
0.0
0.0
0.0
0.0
5e-08
0.0
1.02127
0.0
0.0
0.0
1.0
0.0
0.0
-0.411354
0.859395
-0.448041
-0.001708
0.0
0.0
-0.411354
0.859395
-0.448041
-0.001708
0.0
0.006761
0.25847
0.173046
-0.0002
-0.525366
0.0
-0.0
0.1
-0.005
-0.25847
-2.300000000000015
0.0002
-0.525366
0.0
0.0
0.1
-0.005
0.0
0.0
0.0
0.0
0.0
0.0
0.0
0.0
5e-08
0.0
1.02127
0.0
0.0
0.0
1.0
0.0
0.0
-0.411354
0.859395
-0.448041
-0.001708
0.0
0.0
-0.411354
0.859395
-0.448041
-0.001708
0.0
0.006761
0.25847
0.173046
-0.0002
-0.525366
0.0
-0.0
0.1
-0.005
-0.25847
-2.290000000000015
0.0002
-0.525366
0.0
0.0
0.1
-0.005
0.0
0.0
0.0
0.0
0.0
0.0
0.0
0.0
5e-08
0.0
1.02127
0.0
0.0
0.0
1.0
0.0
0.0
-0.411354
0.859395
-0.448041
-0.001708
0.0
0.0
-0.411354
0.859395
-0.448041
-0.001708
0.0
0.006761
0.25847
0.173046
-0.0002
-0.525366
0.0
-0.0
0.1
-0.005
-0.25847
-2.2800000000000153
0.0002
-0.525366
0.0
0.0
0.1
-0.005
0.0
0.0
0.0
0.0
0.0
0.0
0.0
0.0
5e-08
0.0
1.02127
0.0
0.0
0.0
1.0
0.0
0.0
-0.411354
0.859395
-0.448041
-0.001708
0.0
0.0
-0.411354
0.859395
-0.448041
-0.001708
0.0
0.006761
0.25847
0.173046
-0.0002
-0.525366
0.0
-0.0
0.1
-0.005
-0.25847
-2.2700000000000156
0.0002
-0.525366
0.0
0.0
0.1
-0.005
0.0
0.0
0.0
0.0
0.0
0.0
0.0
0.0
5e-08
0.0
1.02127
0.0
0.0
0.0
1.0
0.0
0.0
-0.411354
0.859395
-0.448041
-0.001708
0.0
0.0
-0.411354
0.859395
-0.448041
-0.001708
0.0
0.006761
0.25847
0.173046
-0.0002
-0.525366
0.0
-0.0
0.1
-0.005
-0.25847
-2.2600000000000158
0.0002
-0.525366
0.0
0.0
0.1
-0.005
0.0
0.0
0.0
0.0
0.0
0.0
0.0
0.0
5e-08
0.0
1.02127
0.0
0.0
0.0
1.0
0.0
0.0
-0.411354
0.859395
-0.448041
-0.001708
0.0
0.0
-0.411354
0.859395
-0.448041
-0.001708
0.0
0.006761
0.25847
0.173046
-0.0002
-0.525366
0.0
-0.0
0.1
-0.005
-0.25847
-2.250000000000016
0.0002
-0.525366
0.0
0.0
0.1
-0.005
0.0
0.0
0.0
0.0
0.0
0.0
0.0
0.0
5e-08
0.0
1.02127
0.0
0.0
0.0
1.0
0.0
0.0
-0.411354
0.859395
-0.448041
-0.001708
0.0
0.0
-0.411354
0.859395
-0.448041
-0.001708
0.0
0.006761
0.25847
0.173046
-0.0002
-0.525366
0.0
-0.0
0.1
-0.005
-0.25847
-2.240000000000016
0.0002
-0.525366
0.0
0.0
0.1
-0.005
0.0
0.0
0.0
0.0
0.0
0.0
0.0
0.0
5e-08
0.0
1.02127
0.0
0.0
0.0
1.0
0.0
0.0
-0.411354
0.859395
-0.448041
-0.001708
0.0
0.0
-0.411354
0.859395
-0.448041
-0.001708
0.0
0.006761
0.25847
0.173046
-0.0002
-0.525366
0.0
-0.0
0.1
-0.005
-0.25847
-2.2300000000000164
0.0002
-0.525366
0.0
0.0
0.1
-0.005
0.0
0.0
0.0
0.0
0.0
0.0
0.0
0.0
5e-08
0.0
1.02127
0.0
0.0
0.0
1.0
0.0
0.0
-0.411354
0.859395
-0.448041
-0.001708
0.0
0.0
-0.411354
0.859395
-0.448041
-0.001708
0.0
0.006761
0.25847
0.173046
-0.0002
-0.525366
0.0
-0.0
0.1
-0.005
-0.25847
-2.2200000000000166
0.0002
-0.525366
0.0
0.0
0.1
-0.005
0.0
0.0
0.0
0.0
0.0
0.0
0.0
0.0
5e-08
0.0
1.02127
0.0
0.0
0.0
1.0
0.0
0.0
-0.411354
0.859395
-0.448041
-0.001708
0.0
0.0
-0.411354
0.859395
-0.448041
-0.001708
0.0
0.006761
0.25847
0.173046
-0.0002
-0.525366
0.0
-0.0
0.1
-0.005
-0.25847
-2.210000000000017
0.0002
-0.525366
0.0
0.0
0.1
-0.005
0.0
0.0
0.0
0.0
0.0
0.0
0.0
0.0
5e-08
0.0
1.02127
0.0
0.0
0.0
1.0
0.0
0.0
-0.411354
0.859395
-0.448041
-0.001708
0.0
0.0
-0.411354
0.859395
-0.448041
-0.001708
0.0
0.006761
0.25847
0.173046
-0.0002
-0.525366
0.0
-0.0
0.1
-0.005
-0.25847
-2.200000000000017
0.0002
-0.525366
0.0
0.0
0.1
-0.005
0.0
0.0
0.0
0.0
0.0
0.0
0.0
0.0
5e-08
0.0
1.02127
0.0
0.0
0.0
1.0
0.0
0.0
-0.411354
0.859395
-0.448041
-0.001708
0.0
0.0
-0.411354
0.859395
-0.448041
-0.001708
0.0
0.006761
0.25847
0.173046
-0.0002
-0.525366
0.0
-0.0
0.1
-0.005
-0.25847
-2.1900000000000173
0.0002
-0.525366
0.0
0.0
0.1
-0.005
0.0
0.0
0.0
0.0
0.0
0.0
0.0
0.0
5e-08
0.0
1.02127
0.0
0.0
0.0
1.0
0.0
0.0
-0.411354
0.859395
-0.448041
-0.001708
0.0
0.0
-0.411354
0.859395
-0.448041
-0.001708
0.0
0.006761
0.25847
0.173046
-0.0002
-0.525366
0.0
-0.0
0.1
-0.005
-0.25847
-2.1800000000000175
0.0002
-0.525366
0.0
0.0
0.1
-0.005
0.0
0.0
0.0
0.0
0.0
0.0
0.0
0.0
5e-08
0.0
1.02127
0.0
0.0
0.0
1.0
0.0
0.0
-0.411354
0.859395
-0.448041
-0.001708
0.0
0.0
-0.411354
0.859395
-0.448041
-0.001708
0.0
0.006761
0.25847
0.173046
-0.0002
-0.525366
0.0
-0.0
0.1
-0.005
-0.25847
-2.1700000000000177
0.0002
-0.525366
0.0
0.0
0.1
-0.005
0.0
0.0
0.0
0.0
0.0
0.0
0.0
0.0
5e-08
0.0
1.02127
0.0
0.0
0.0
1.0
0.0
0.0
-0.411354
0.859395
-0.448041
-0.001708
0.0
0.0
-0.411354
0.859395
-0.448041
-0.001708
0.0
0.006761
0.25847
0.173046
-0.0002
-0.525366
0.0
-0.0
0.1
-0.005
-0.25847
-2.160000000000018
0.0002
-0.525366
0.0
0.0
0.1
-0.005
0.0
0.0
0.0
0.0
0.0
0.0
0.0
0.0
5e-08
0.0
1.02127
0.0
0.0
0.0
1.0
0.0
0.0
-0.411354
0.859395
-0.448041
-0.001708
0.0
0.0
-0.411354
0.859395
-0.448041
-0.001708
0.0
0.006761
0.25847
0.173046
-0.0002
-0.525366
0.0
-0.0
0.1
-0.005
-0.25847
-2.150000000000018
0.0002
-0.525366
0.0
0.0
0.1
-0.005
0.0
0.0
0.0
0.0
0.0
0.0
0.0
0.0
5e-08
0.0
1.02127
0.0
0.0
0.0
1.0
0.0
0.0
-0.411354
0.859395
-0.448041
-0.001708
0.0
0.0
-0.411354
0.859395
-0.448041
-0.001708
0.0
0.006761
0.25847
0.173046
-0.0002
-0.525366
0.0
-0.0
0.1
-0.005
-0.25847
-2.1400000000000183
0.0002
-0.525366
0.0
0.0
0.1
-0.005
0.0
0.0
0.0
0.0
0.0
0.0
0.0
0.0
5e-08
0.0
1.02127
0.0
0.0
0.0
1.0
0.0
0.0
-0.411354
0.859395
-0.448041
-0.001708
0.0
0.0
-0.411354
0.859395
-0.448041
-0.001708
0.0
0.006761
0.25847
0.173046
-0.0002
-0.525366
0.0
-0.0
0.1
-0.005
-0.25847
-2.1300000000000185
0.0002
-0.525366
0.0
0.0
0.1
-0.005
0.0
0.0
0.0
0.0
0.0
0.0
0.0
0.0
5e-08
0.0
1.02127
0.0
0.0
0.0
1.0
0.0
0.0
-0.411354
0.859395
-0.448041
-0.001708
0.0
0.0
-0.411354
0.859395
-0.448041
-0.001708
0.0
0.006761
0.25847
0.173046
-0.0002
-0.525366
0.0
-0.0
0.1
-0.005
-0.25847
-2.1200000000000188
0.0002
-0.525366
0.0
0.0
0.1
-0.005
0.0
0.0
0.0
0.0
0.0
0.0
0.0
0.0
5e-08
0.0
1.02127
0.0
0.0
0.0
1.0
0.0
0.0
-0.411354
0.859395
-0.448041
-0.001708
0.0
0.0
-0.411354
0.859395
-0.448041
-0.001708
0.0
0.006761
0.25847
0.173046
-0.0002
-0.525366
0.0
-0.0
0.1
-0.005
-0.25847
-2.110000000000019
0.0002
-0.525366
0.0
0.0
0.1
-0.005
0.0
0.0
0.0
0.0
0.0
0.0
0.0
0.0
5e-08
0.0
1.02127
0.0
0.0
0.0
1.0
0.0
0.0
-0.411354
0.859395
-0.448041
-0.001708
0.0
0.0
-0.411354
0.859395
-0.448041
-0.001708
0.0
0.006761
0.25847
0.173046
-0.0002
-0.525366
0.0
-0.0
0.1
-0.005
-0.25847
-2.100000000000019
0.0002
-0.525366
0.0
0.0
0.1
-0.005
0.0
0.0
0.0
0.0
0.0
0.0
0.0
0.0
5e-08
0.0
1.02127
0.0
0.0
0.0
1.0
0.0
0.0
-0.411354
0.859395
-0.448041
-0.001708
0.0
0.0
-0.411354
0.859395
-0.448041
-0.001708
0.0
0.006761
0.25847
0.173046
-0.0002
-0.525366
0.0
-0.0
0.1
-0.005
-0.25847
-2.0900000000000194
0.0002
-0.525366
0.0
0.0
0.1
-0.005
0.0
0.0
0.0
0.0
0.0
0.0
0.0
0.0
5e-08
0.0
1.02127
0.0
0.0
0.0
1.0
0.0
0.0
-0.411354
0.859395
-0.448041
-0.001708
0.0
0.0
-0.411354
0.859395
-0.448041
-0.001708
0.0
0.006761
0.25847
0.173046
-0.0002
-0.525366
0.0
-0.0
0.1
-0.005
-0.25847
-2.0800000000000196
0.0002
-0.525366
0.0
0.0
0.1
-0.005
0.0
0.0
0.0
0.0
0.0
0.0
0.0
0.0
5e-08
0.0
1.02127
0.0
0.0
0.0
1.0
0.0
0.0
-0.411354
0.859395
-0.448041
-0.001708
0.0
0.0
-0.411354
0.859395
-0.448041
-0.001708
0.0
0.006761
0.25847
0.173046
-0.0002
-0.525366
0.0
-0.0
0.1
-0.005
-0.25847
-2.07000000000002
0.0002
-0.525366
0.0
0.0
0.1
-0.005
0.0
0.0
0.0
0.0
0.0
0.0
0.0
0.0
5e-08
0.0
1.02127
0.0
0.0
0.0
1.0
0.0
0.0
-0.411354
0.859395
-0.448041
-0.001708
0.0
0.0
-0.411354
0.859395
-0.448041
-0.001708
0.0
0.006761
0.25847
0.173046
-0.0002
-0.525366
0.0
-0.0
0.1
-0.005
-0.25847
-2.06000000000002
0.0002
-0.525366
0.0
0.0
0.1
-0.005
0.0
0.0
0.0
0.0
0.0
0.0
0.0
0.0
5e-08
0.0
1.02127
0.0
0.0
0.0
1.0
0.0
0.0
-0.411354
0.859395
-0.448041
-0.001708
0.0
0.0
-0.411354
0.859395
-0.448041
-0.001708
0.0
0.006761
0.25847
0.173046
-0.0002
-0.525366
0.0
-0.0
0.1
-0.005
-0.25847
-2.0500000000000203
0.0002
-0.525366
0.0
0.0
0.1
-0.005
0.0
0.0
0.0
0.0
0.0
0.0
0.0
0.0
5e-08
0.0
1.02127
0.0
0.0
0.0
1.0
0.0
0.0
-0.411354
0.859395
-0.44
